1.667033843994140625e+02
1.556231994628906250e+02
2.068873138427734375e+02
2.779860839843750000e+02
1.740598907470703125e+02
1.815194702148437500e+02
1.490248107910156250e+02
1.751063537597656250e+02
2.375440368652343750e+02
1.673937530517578125e+02
1.567653961181640625e+02
1.928321075439453125e+02
1.648305053710937500e+02
2.091349182128906250e+02
1.905630798339843750e+02
1.340819549560546875e+02
1.729829101562500000e+02
1.648246154785156250e+02
2.050307006835937500e+02
1.926737365722656250e+02
1.500112915039062500e+02
1.932546844482421875e+02
1.606354980468750000e+02
1.860660095214843750e+02
1.918200683593750000e+02
1.435480346679687500e+02
2.254672241210937500e+02
1.324261016845703125e+02
1.871768493652343750e+02
1.776120147705078125e+02
1.471698303222656250e+02
2.074258422851562500e+02
1.458505859375000000e+02
1.934343261718750000e+02
1.693699188232421875e+02
1.427411499023437500e+02
1.927694091796875000e+02
1.484122009277343750e+02
1.807177581787109375e+02
1.630843505859375000e+02
1.404459381103515625e+02
1.828158416748046875e+02
1.497511291503906250e+02
1.725276947021484375e+02
1.574675445556640625e+02
1.404862823486328125e+02
1.779025573730468750e+02
1.459307250976562500e+02
1.657015533447265625e+02
1.528074798583984375e+02
1.388216857910156250e+02
1.651799011230468750e+02
1.436896972656250000e+02
1.613027801513671875e+02
1.509329986572265625e+02
1.361482849121093750e+02
1.453601684570312500e+02
1.488342895507812500e+02
1.581061096191406250e+02
1.490865020751953125e+02
1.336542510986328125e+02
1.432098236083984375e+02
1.481181182861328125e+02
1.544500427246093750e+02
1.482808532714843750e+02
1.304642944335937500e+02
1.435637969970703125e+02
1.446304473876953125e+02
1.514030761718750000e+02
1.490722961425781250e+02
1.279010162353515625e+02
1.509704284667968750e+02
1.383721618652343750e+02
1.489729003906250000e+02
1.494368133544921875e+02
1.255377502441406250e+02
1.654379272460937500e+02
1.346390991210937500e+02
1.468718872070312500e+02
1.496282196044921875e+02
1.232851104736328125e+02
1.730311889648437500e+02
1.333077392578125000e+02
1.451087646484375000e+02
1.491993408203125000e+02
1.208103637695312500e+02
1.756962280273437500e+02
1.357758789062500000e+02
1.433788909912109375e+02
1.483986053466796875e+02
1.187806396484375000e+02
1.730256347656250000e+02
1.398056030273437500e+02
1.421979370117187500e+02
1.488095092773437500e+02
1.173693542480468750e+02
1.672690734863281250e+02
1.391680755615234375e+02
1.415654907226562500e+02
1.485357208251953125e+02
1.161940002441406250e+02
1.220786132812500000e+02
1.148008193969726562e+02
1.183321380615234375e+02
1.480778808593750000e+02
1.218344268798828125e+02
1.146079254150390625e+02
1.178089599609375000e+02
1.474732360839843750e+02
1.219359970092773438e+02
1.143557434082031250e+02
1.169045028686523438e+02
1.471340637207031250e+02
1.214319229125976562e+02
1.141016006469726562e+02
1.161951828002929688e+02
1.467195892333984375e+02
1.214496994018554688e+02
1.138904800415039062e+02
1.156558151245117188e+02
1.463426513671875000e+02
1.211305084228515625e+02
1.137139892578125000e+02
1.151589660644531250e+02
1.456702728271484375e+02
1.207184066772460938e+02
1.137254943847656250e+02
1.149100494384765625e+02
1.456447448730468750e+02
1.199900588989257812e+02
1.140155944824218750e+02
1.149097518920898438e+02
1.444768218994140625e+02
1.192095642089843750e+02
1.145060119628906250e+02
1.146571807861328125e+02
1.434622497558593750e+02
1.184376068115234375e+02
1.152613677978515625e+02
1.148030776977539062e+02
1.426455078125000000e+02
1.181340789794921875e+02
1.162808761596679688e+02
1.154576263427734375e+02
1.399061584472656250e+02
1.179000854492187500e+02
1.170865936279296875e+02
1.153623962402343750e+02
1.399468231201171875e+02
1.178849182128906250e+02
1.177918548583984375e+02
1.156639099121093750e+02
1.374008026123046875e+02
1.174987564086914062e+02
1.179947357177734375e+02
1.171460037231445312e+02
1.354870300292968750e+02
1.176290740966796875e+02
1.179495315551757812e+02
1.176334457397460938e+02
1.442352905273437500e+02
1.175433349609375000e+02
1.183727645874023438e+02
1.200285568237304688e+02
1.338217010498046875e+02
1.189144439697265625e+02
1.187288360595703125e+02
1.158575363159179688e+02
1.294342956542968750e+02
1.183673019409179688e+02
1.177124786376953125e+02
1.114608764648437500e+02
1.441133575439453125e+02
1.141765670776367188e+02
1.220615158081054688e+02
1.136591644287109375e+02
1.313773956298828125e+02
1.153264770507812500e+02
1.144230270385742188e+02
1.159451522827148438e+02
1.313657226562500000e+02
1.154165191650390625e+02
1.132273788452148438e+02
1.165336837768554688e+02
1.234089355468750000e+02
1.154576950073242188e+02
1.119457702636718750e+02
1.115148086547851562e+02
1.261742706298828125e+02
1.137628021240234375e+02
1.101808013916015625e+02
1.124741439819335938e+02
1.242899627685546875e+02
1.127057189941406250e+02
1.134354705810546875e+02
1.105039291381835938e+02
1.216391067504882812e+02
1.184623260498046875e+02
1.079494400024414062e+02
1.142284774780273438e+02
1.362202148437500000e+02
1.184462966918945312e+02
1.078316040039062500e+02
1.158537826538085938e+02
1.133326721191406250e+02
1.204957122802734375e+02
1.085578994750976562e+02
1.172146072387695312e+02
1.212620391845703125e+02
1.175055465698242188e+02
1.095647583007812500e+02
1.107354660034179688e+02
1.144271240234375000e+02
1.226610565185546875e+02
1.112868347167968750e+02
1.102053298950195312e+02
1.129652404785156250e+02
1.227756042480468750e+02
1.135852966308593750e+02
1.128130798339843750e+02
1.129906463623046875e+02
1.217572784423828125e+02
1.143274841308593750e+02
1.117030334472656250e+02
1.128479003906250000e+02
1.212137908935546875e+02
1.126772460937500000e+02
1.116198425292968750e+02
1.140861663818359375e+02
1.201005554199218750e+02
1.124109649658203125e+02
1.109992675781250000e+02
1.202836303710937500e+02
1.195214538574218750e+02
1.109792022705078125e+02
1.133769989013671875e+02
1.184101409912109375e+02
1.194637985229492188e+02
1.116255187988281250e+02
1.174924926757812500e+02
1.192816390991210938e+02
1.213034973144531250e+02
1.229797973632812500e+02
1.177546234130859375e+02
1.098813095092773438e+02
1.246466217041015625e+02
1.231585540771484375e+02
1.136809387207031250e+02
1.101441955566406250e+02
1.148762817382812500e+02
1.249667129516601562e+02
1.179233856201171875e+02
1.203804397583007812e+02
1.177629089355468750e+02
1.270326461791992188e+02
1.207801666259765625e+02
1.195372772216796875e+02
1.173815307617187500e+02
1.351469726562500000e+02
1.260440521240234375e+02
1.310382690429687500e+02
1.117362365722656250e+02
1.233136825561523438e+02
1.225865859985351562e+02
1.252231140136718750e+02
1.140154571533203125e+02
1.130703506469726562e+02
1.128202362060546875e+02
1.271459655761718750e+02
1.128234405517578125e+02
1.134899673461914062e+02
1.124173736572265625e+02
1.184358901977539062e+02
1.143861236572265625e+02
1.182693939208984375e+02
1.183233337402343750e+02
1.145125579833984375e+02
1.160234985351562500e+02
1.223277969360351562e+02
1.167945098876953125e+02
1.150299377441406250e+02
1.157333526611328125e+02
1.282998962402343750e+02
1.186582794189453125e+02
1.107366867065429688e+02
1.151824798583984375e+02
1.345401306152343750e+02
1.115024032592773438e+02
1.183797454833984375e+02
1.143092422485351562e+02
1.318106994628906250e+02
1.159183349609375000e+02
1.117695007324218750e+02
1.154209442138671875e+02
1.181435241699218750e+02
1.129782409667968750e+02
1.105218200683593750e+02
1.159995117187500000e+02
1.283240814208984375e+02
1.187446289062500000e+02
1.264384384155273438e+02
1.167954559326171875e+02
1.256346893310546875e+02
1.098710174560546875e+02
1.246101074218750000e+02
1.173305816650390625e+02
1.249439849853515625e+02
1.135368499755859375e+02
1.208686218261718750e+02
1.228770141601562500e+02
1.372556762695312500e+02
1.141409759521484375e+02
1.320836486816406250e+02
1.262284317016601562e+02
1.416732788085937500e+02
1.142037277221679688e+02
1.308901367187500000e+02
1.228553924560546875e+02
1.339087219238281250e+02
1.220647277832031250e+02
1.312938995361328125e+02
1.198211364746093750e+02
1.265643920898437500e+02
1.261745452880859375e+02
1.312775421142578125e+02
1.181310272216796875e+02
1.222275390625000000e+02
1.207770690917968750e+02
1.312460784912109375e+02
1.188263931274414062e+02
1.202792968750000000e+02
1.211246337890625000e+02
1.311660156250000000e+02
1.195957336425781250e+02
1.189432983398437500e+02
1.196309051513671875e+02
1.310077819824218750e+02
1.200877227783203125e+02
1.171391601562500000e+02
1.188304367065429688e+02
1.313982238769531250e+02
1.206669998168945312e+02
1.158976745605468750e+02
1.166345977783203125e+02
1.350313110351562500e+02
1.208808670043945312e+02
1.152142486572265625e+02
1.147104873657226562e+02
1.384420318603515625e+02
1.222403030395507812e+02
1.155495758056640625e+02
1.125690841674804688e+02
1.426652526855468750e+02
1.232674636840820312e+02
1.173884506225585938e+02
1.119959716796875000e+02
1.488192749023437500e+02
1.261358108520507812e+02
1.190966873168945312e+02
1.137546234130859375e+02
1.509595489501953125e+02
1.309334869384765625e+02
1.183835601806640625e+02
1.153300781250000000e+02
1.425270690917968750e+02
1.346595458984375000e+02
1.194375610351562500e+02
1.144185409545898438e+02
1.380466003417968750e+02
1.586161499023437500e+02
1.231024169921875000e+02
1.119561614990234375e+02
1.312868194580078125e+02
1.725546569824218750e+02
1.267069549560546875e+02
1.114294128417968750e+02
1.252947845458984375e+02
1.727525634765625000e+02
1.316909484863281250e+02
1.132378234863281250e+02
1.196764297485351562e+02
1.691362609863281250e+02
1.360562591552734375e+02
1.171007385253906250e+02
1.181253280639648438e+02
1.669367065429687500e+02
1.360290374755859375e+02
1.216067733764648438e+02
1.174055023193359375e+02
1.659590301513671875e+02
1.319909515380859375e+02
1.258886108398437500e+02
1.166084747314453125e+02
1.653957977294921875e+02
1.299097900390625000e+02
1.284595642089843750e+02
1.154683532714843750e+02
1.637953491210937500e+02
1.276794891357421875e+02
1.300912475585937500e+02
1.140297775268554688e+02
1.613090057373046875e+02
1.245151519775390625e+02
1.306110534667968750e+02
1.127572631835937500e+02
1.591735839843750000e+02
1.214743347167968750e+02
1.304491271972656250e+02
1.115961761474609375e+02
1.528279418945312500e+02
1.200533828735351562e+02
1.297817382812500000e+02
1.109824523925781250e+02
1.499795227050781250e+02
1.172936630249023438e+02
1.278554306030273438e+02
1.108224334716796875e+02
1.335263061523437500e+02
1.147363586425781250e+02
1.256962661743164062e+02
1.109699401855468750e+02
1.263669891357421875e+02
1.143277893066406250e+02
1.242151565551757812e+02
1.112876739501953125e+02
1.251000518798828125e+02
1.142155456542968750e+02
1.223023681640625000e+02
1.116745605468750000e+02
1.260550079345703125e+02
1.147145156860351562e+02
1.204692840576171875e+02
1.124661102294921875e+02
1.288123626708984375e+02
1.150049285888671875e+02
1.185332870483398438e+02
1.132974395751953125e+02
1.288711853027343750e+02
1.152034149169921875e+02
1.162632522583007812e+02
1.140304718017578125e+02
1.283669433593750000e+02
1.148656463623046875e+02
1.148531646728515625e+02
1.152982788085937500e+02
1.288768463134765625e+02
1.152297973632812500e+02
1.149904479980468750e+02
1.167119750976562500e+02
1.309577178955078125e+02
1.155335006713867188e+02
1.160386123657226562e+02
1.182570877075195312e+02
1.304234313964843750e+02
1.158428192138671875e+02
1.166852874755859375e+02
1.185793151855468750e+02
1.280049743652343750e+02
1.159512252807617188e+02
1.167083435058593750e+02
1.186311264038085938e+02
1.255833053588867188e+02
1.160856475830078125e+02
1.165547332763671875e+02
1.178817672729492188e+02
1.236809082031250000e+02
1.168253479003906250e+02
1.174619064331054688e+02
1.167605972290039062e+02
1.205678710937500000e+02
1.174050750732421875e+02
1.179974822998046875e+02
1.154026184082031250e+02
1.183396530151367188e+02
1.182649307250976562e+02
1.191990280151367188e+02
1.137506866455078125e+02
1.160133514404296875e+02
1.196004791259765625e+02
1.202711791992187500e+02
1.126418151855468750e+02
1.158509063720703125e+02
1.219823760986328125e+02
1.218927307128906250e+02
1.126735534667968750e+02
1.157753982543945312e+02
1.245034790039062500e+02
1.224327468872070312e+02
1.136770401000976562e+02
1.149535369873046875e+02
1.267135925292968750e+02
1.242888031005859375e+02
1.146606979370117188e+02
1.153183898925781250e+02
1.287715759277343750e+02
1.271642761230468750e+02
1.153918151855468750e+02
1.164972534179687500e+02
1.296158599853515625e+02
1.289826965332031250e+02
1.155021667480468750e+02
1.175322494506835938e+02
1.342572937011718750e+02
1.292006378173828125e+02
1.151703720092773438e+02
1.181890945434570312e+02
1.432232513427734375e+02
1.318982543945312500e+02
1.155030593872070312e+02
1.189603195190429688e+02
1.529187927246093750e+02
1.367743988037109375e+02
1.167656326293945312e+02
1.207278289794921875e+02
1.573933715820312500e+02
1.406184234619140625e+02
1.196239089965820312e+02
1.227549514770507812e+02
1.564046783447265625e+02
1.406945343017578125e+02
1.234834442138671875e+02
1.239654541015625000e+02
1.517555541992187500e+02
1.379840850830078125e+02
1.271195831298828125e+02
1.257920532226562500e+02
1.482311096191406250e+02
1.342256927490234375e+02
1.308685302734375000e+02
1.284333343505859375e+02
1.462927551269531250e+02
1.348739624023437500e+02
1.330000000000000000e+02
1.299154357910156250e+02
1.418569641113281250e+02
1.364052581787109375e+02
1.333752136230468750e+02
1.288329467773437500e+02
1.368851776123046875e+02
1.356459350585937500e+02
1.328305206298828125e+02
1.280610961914062500e+02
1.313917083740234375e+02
1.340313110351562500e+02
1.307647705078125000e+02
1.263049621582031250e+02
1.266716842651367188e+02
1.333863983154296875e+02
1.277273712158203125e+02
1.253884887695312500e+02
1.227054977416992188e+02
1.315432739257812500e+02
1.252137069702148438e+02
1.247027130126953125e+02
1.191566848754882812e+02
1.291798095703125000e+02
1.222411804199218750e+02
1.237197341918945312e+02
1.172209243774414062e+02
1.243958740234375000e+02
1.197771987915039062e+02
1.219008636474609375e+02
1.163932495117187500e+02
1.203541259765625000e+02
1.181260070800781250e+02
1.201705093383789062e+02
1.171149826049804688e+02
1.182514801025390625e+02
1.179648437500000000e+02
1.190527038574218750e+02
1.186578903198242188e+02
1.215058746337890625e+02
1.187277069091796875e+02
1.186728744506835938e+02
1.202816848754882812e+02
1.297265319824218750e+02
1.194780578613281250e+02
1.174912719726562500e+02
1.215573577880859375e+02
1.396368560791015625e+02
1.207283706665039062e+02
1.161132507324218750e+02
1.237417449951171875e+02
1.499138183593750000e+02
1.227752075195312500e+02
1.160809631347656250e+02
1.268251342773437500e+02
1.596881408691406250e+02
1.254403686523437500e+02
1.174297637939453125e+02
1.308569946289062500e+02
1.572241973876953125e+02
1.303170776367187500e+02
1.193011474609375000e+02
1.340148010253906250e+02
1.490208435058593750e+02
1.381978607177734375e+02
1.212305374145507812e+02
1.356654663085937500e+02
1.394966735839843750e+02
1.402072601318359375e+02
1.235472412109375000e+02
1.362334899902343750e+02
1.323124694824218750e+02
1.381028747558593750e+02
1.266049652099609375e+02
1.348723754882812500e+02
1.267266387939453125e+02
1.363185119628906250e+02
1.294693298339843750e+02
1.330666656494140625e+02
1.230891418457031250e+02
1.345226898193359375e+02
1.322701721191406250e+02
1.311552734375000000e+02
1.201811218261718750e+02
1.323086090087890625e+02
1.351340637207031250e+02
1.280872192382812500e+02
1.181335144042968750e+02
1.283196716308593750e+02
