7.239533996582031250e+01
6.736257934570312500e+01
7.476248168945312500e+01
5.628426742553710938e+01
5.508143997192382812e+01
5.691677856445312500e+01
5.414002227783203125e+01
5.547257995605468750e+01
5.452133941650390625e+01
5.375122070312500000e+01
5.456448364257812500e+01
5.236271286010742188e+01
5.863806152343750000e+01
5.534035873413085938e+01
5.176849365234375000e+01
5.323240280151367188e+01
5.036559677124023438e+01
5.971783065795898438e+01
5.664334106445312500e+01
5.071573638916015625e+01
5.757078552246093750e+01
4.958680343627929688e+01
6.619725036621093750e+01
4.828983688354492188e+01
4.678940963745117188e+01
6.003661346435546875e+01
4.806718063354492188e+01
6.796490478515625000e+01
4.508145141601562500e+01
4.369240188598632812e+01
5.551647186279296875e+01
4.709111404418945312e+01
7.040646362304687500e+01
4.105996704101562500e+01
4.152356719970703125e+01
5.306487274169921875e+01
4.530497360229492188e+01
7.354793548583984375e+01
3.809086990356445312e+01
3.922041320800781250e+01
5.164412689208984375e+01
4.474942779541015625e+01
7.623017883300781250e+01
4.522446441650390625e+01
3.702624511718750000e+01
5.057631683349609375e+01
4.562236022949218750e+01
7.834062194824218750e+01
5.278389739990234375e+01
3.609335708618164062e+01
4.973221969604492188e+01
4.496868133544921875e+01
7.963116455078125000e+01
3.658929443359375000e+01
3.565477752685546875e+01
4.286072158813476562e+01
7.783866882324218750e+01
3.695454406738281250e+01
3.585699462890625000e+01
4.100943374633789062e+01
7.603923034667968750e+01
3.724710845947265625e+01
3.623321914672851562e+01
3.945002746582031250e+01
7.435855865478515625e+01
3.744502258300781250e+01
3.690079498291015625e+01
3.824835205078125000e+01
7.263651275634765625e+01
3.740908050537109375e+01
3.734296417236328125e+01
3.733044433593750000e+01
7.094271850585937500e+01
3.743977737426757812e+01
3.776397705078125000e+01
3.653726196289062500e+01
6.930273437500000000e+01
3.717277526855468750e+01
3.820318603515625000e+01
3.585993576049804688e+01
6.758541107177734375e+01
3.683348464965820312e+01
3.854939651489257812e+01
3.533793258666992188e+01
6.581212615966796875e+01
3.616574859619140625e+01
3.900968170166015625e+01
3.490706253051757812e+01
6.419463348388671875e+01
3.557614898681640625e+01
3.952746200561523438e+01
3.452316665649414062e+01
6.235449981689453125e+01
3.488636398315429688e+01
4.025821304321289062e+01
3.422575378417968750e+01
6.056484985351562500e+01
3.431354522705078125e+01
4.116206359863281250e+01
3.404595947265625000e+01
5.889200592041015625e+01
3.365914916992187500e+01
4.215846252441406250e+01
3.395927810668945312e+01
5.724583435058593750e+01
3.287106704711914062e+01
4.375626373291015625e+01
3.397676467895507812e+01
5.560339355468750000e+01
3.233047103881835938e+01
4.600273895263671875e+01
3.393331146240234375e+01
5.422215652465820312e+01
3.180434226989746094e+01
4.819932556152343750e+01
3.406762695312500000e+01
5.305880737304687500e+01
3.135040664672851562e+01
5.013159561157226562e+01
3.420314025878906250e+01
5.232881164550781250e+01
3.087936401367187500e+01
5.204409027099609375e+01
3.443443298339843750e+01
5.173720550537109375e+01
3.044783973693847656e+01
5.306380844116210938e+01
3.450329208374023438e+01
5.146492767333984375e+01
2.992860031127929688e+01
5.382812500000000000e+01
3.460135650634765625e+01
5.131850433349609375e+01
2.944395065307617188e+01
5.415076446533203125e+01
3.484033203125000000e+01
5.127897644042968750e+01
2.908621215820312500e+01
5.435004425048828125e+01
3.499420928955078125e+01
5.139189529418945312e+01
2.859213638305664062e+01
5.434712982177734375e+01
3.505812454223632812e+01
5.140762329101562500e+01
2.825829887390136719e+01
5.410640716552734375e+01
3.521302413940429688e+01
5.166008758544921875e+01
2.804882621765136719e+01
5.366942596435546875e+01
3.531447219848632812e+01
5.192061614990234375e+01
2.785223197937011719e+01
5.331764221191406250e+01
3.539179611206054688e+01
5.245665740966796875e+01
2.763090896606445312e+01
5.304464721679687500e+01
3.538170623779296875e+01
5.266172027587890625e+01
2.734409713745117188e+01
5.248377227783203125e+01
3.551762390136718750e+01
5.302015686035156250e+01
2.723167800903320312e+01
5.207304382324218750e+01
3.553150177001953125e+01
5.310324478149414062e+01
2.710799789428710938e+01
5.200285339355468750e+01
3.548161315917968750e+01
5.330581665039062500e+01
2.691204833984375000e+01
5.182377624511718750e+01
3.557450103759765625e+01
5.351271057128906250e+01
2.673026657104492188e+01
5.143655395507812500e+01
3.560863494873046875e+01
5.368738937377929688e+01
2.658972930908203125e+01
5.129245758056640625e+01
3.576581573486328125e+01
5.372611236572265625e+01
2.674180793762207031e+01
5.098665618896484375e+01
3.567497634887695312e+01
5.394043350219726562e+01
2.689745712280273438e+01
5.076284408569335938e+01
3.575875854492187500e+01
5.401015090942382812e+01
2.669152450561523438e+01
5.074588394165039062e+01
3.567227172851562500e+01
5.387946701049804688e+01
2.655355453491210938e+01
5.086421203613281250e+01
3.551743316650390625e+01
5.379528045654296875e+01
2.657608413696289062e+01
5.083303451538085938e+01
3.542671966552734375e+01
5.341310501098632812e+01
2.630260467529296875e+01
5.069332122802734375e+01
3.531349182128906250e+01
5.304218292236328125e+01
2.620245742797851562e+01
5.075081634521484375e+01
3.522299575805664062e+01
5.294292449951171875e+01
2.613387107849121094e+01
5.053277969360351562e+01
3.516250228881835938e+01
5.271816253662109375e+01
2.595009422302246094e+01
5.061309814453125000e+01
3.516637420654296875e+01
5.249873733520507812e+01
2.606054687500000000e+01
5.057106018066406250e+01
3.509024810791015625e+01
5.233023834228515625e+01
2.576106643676757812e+01
5.051632308959960938e+01
3.506175231933593750e+01
5.221107864379882812e+01
2.566837310791015625e+01
5.078553009033203125e+01
3.490689468383789062e+01
5.205077362060546875e+01
2.536208724975585938e+01
5.069895172119140625e+01
3.481632232666015625e+01
5.194161224365234375e+01
2.523928833007812500e+01
5.075450134277343750e+01
3.463660812377929688e+01
5.181780242919921875e+01
2.486176490783691406e+01
5.109749221801757812e+01
3.462765884399414062e+01
5.176087570190429688e+01
2.460730171203613281e+01
5.105167388916015625e+01
3.456363677978515625e+01
5.181485366821289062e+01
2.436028289794921875e+01
5.116001129150390625e+01
3.427859115600585938e+01
5.180037689208984375e+01
2.413642311096191406e+01
5.135423660278320312e+01
3.405081939697265625e+01
5.161334991455078125e+01
2.384116744995117188e+01
5.114680099487304688e+01
3.387061309814453125e+01
5.163200378417968750e+01
2.374700164794921875e+01
5.129696655273437500e+01
3.338423919677734375e+01
5.165032958984375000e+01
2.355937957763671875e+01
5.111774444580078125e+01
3.315412139892578125e+01
5.178051757812500000e+01
2.346797180175781250e+01
5.105847930908203125e+01
3.295340728759765625e+01
5.179382324218750000e+01
2.316327285766601562e+01
5.088632202148437500e+01
3.263359451293945312e+01
5.171379089355468750e+01
2.298283767700195312e+01
5.051497650146484375e+01
3.235547637939453125e+01
5.182951354980468750e+01
2.289720535278320312e+01
5.010379791259765625e+01
3.216751098632812500e+01
5.185465621948242188e+01
2.264567947387695312e+01
4.981193161010742188e+01
3.188273048400878906e+01
5.192488479614257812e+01
2.255057907104492188e+01
4.953079986572265625e+01
3.153448486328125000e+01
5.185175323486328125e+01
2.233582115173339844e+01
4.940762329101562500e+01
3.129073524475097656e+01
5.186524963378906250e+01
2.223776435852050781e+01
4.932728576660156250e+01
3.094153022766113281e+01
5.190903472900390625e+01
2.198977470397949219e+01
4.931920623779296875e+01
3.083574867248535156e+01
5.199861145019531250e+01
2.172075271606445312e+01
4.912804412841796875e+01
3.060006713867187500e+01
5.202577972412109375e+01
2.155022811889648438e+01
4.895325469970703125e+01
3.033322906494140625e+01
5.207973480224609375e+01
2.145095252990722656e+01
4.849214172363281250e+01
2.995575141906738281e+01
5.221140289306640625e+01
2.130948257446289062e+01
4.835618591308593750e+01
2.977667808532714844e+01
5.209212875366210938e+01
2.124556350708007812e+01
4.815126419067382812e+01
2.955804061889648438e+01
5.202375030517578125e+01
2.112023544311523438e+01
4.794650268554687500e+01
2.936764526367187500e+01
5.221951675415039062e+01
2.088831901550292969e+01
4.765048217773437500e+01
2.912228584289550781e+01
5.215264129638671875e+01
2.084719657897949219e+01
4.753711700439453125e+01
2.893919944763183594e+01
5.223955535888671875e+01
2.072608566284179688e+01
4.712438201904296875e+01
2.878820800781250000e+01
5.222653198242187500e+01
2.072946929931640625e+01
4.671895217895507812e+01
2.840328979492187500e+01
5.220718383789062500e+01
2.059069633483886719e+01
4.645807647705078125e+01
2.826257705688476562e+01
5.234841537475585938e+01
2.039413452148437500e+01
4.614570617675781250e+01
2.818696975708007812e+01
5.233248901367187500e+01
2.016913604736328125e+01
4.607161331176757812e+01
2.793564414978027344e+01
5.239103698730468750e+01
2.000363159179687500e+01
4.603371047973632812e+01
2.776332092285156250e+01
5.234378433227539062e+01
1.988912391662597656e+01
4.573371124267578125e+01
2.769697952270507812e+01
5.220962905883789062e+01
1.969717788696289062e+01
4.572292327880859375e+01
2.764288330078125000e+01
5.214525604248046875e+01
1.956690979003906250e+01
4.540518569946289062e+01
2.765089035034179688e+01
5.218595886230468750e+01
1.948032760620117188e+01
4.533609771728515625e+01
2.741743087768554688e+01
5.226984024047851562e+01
1.929277420043945312e+01
4.506482696533203125e+01
2.732500457763671875e+01
5.231855773925781250e+01
1.912244796752929688e+01
4.508449935913085938e+01
2.713399696350097656e+01
5.244067001342773438e+01
1.894018745422363281e+01
4.485771942138671875e+01
2.692740249633789062e+01
5.251928710937500000e+01
1.874637985229492188e+01
4.486845397949218750e+01
2.676981353759765625e+01
5.254944229125976562e+01
1.862084579467773438e+01
4.477069091796875000e+01
2.658503913879394531e+01
5.266288375854492188e+01
1.853096008300781250e+01
4.472090911865234375e+01
2.652492141723632812e+01
5.275455856323242188e+01
1.842585754394531250e+01
4.466109466552734375e+01
2.636959075927734375e+01
5.284114074707031250e+01
1.832648468017578125e+01
4.449087524414062500e+01
2.628220367431640625e+01
5.291598129272460938e+01
1.816701889038085938e+01
4.441380691528320312e+01
2.596975898742675781e+01
5.295050048828125000e+01
1.802211189270019531e+01
4.452840423583984375e+01
2.588486862182617188e+01
5.323902893066406250e+01
1.785090637207031250e+01
4.437774658203125000e+01
2.568865966796875000e+01
5.320247650146484375e+01
1.772668457031250000e+01
4.428145599365234375e+01
2.544667816162109375e+01
5.323893356323242188e+01
1.773046112060546875e+01
4.423543930053710938e+01
2.541206359863281250e+01
5.304683685302734375e+01
1.762454986572265625e+01
4.407429122924804688e+01
2.532248687744140625e+01
5.305237197875976562e+01
1.755537986755371094e+01
4.403465652465820312e+01
2.530065727233886719e+01
5.301902770996093750e+01
1.745576858520507812e+01
4.408152770996093750e+01
2.524516868591308594e+01
5.302612304687500000e+01
1.738538742065429688e+01
4.392812347412109375e+01
2.508678436279296875e+01
5.290888595581054688e+01
1.729360961914062500e+01
4.399071121215820312e+01
2.501183319091796875e+01
5.321376037597656250e+01
1.721153068542480469e+01
4.404586791992187500e+01
2.479708099365234375e+01
5.328298187255859375e+01
1.714180755615234375e+01
4.361389160156250000e+01
2.467564582824707031e+01
5.334614562988281250e+01
1.706586456298828125e+01
4.335717773437500000e+01
2.441340255737304688e+01
5.308485412597656250e+01
1.697805595397949219e+01
4.324725341796875000e+01
2.418162536621093750e+01
5.307271575927734375e+01
1.695245742797851562e+01
4.336086273193359375e+01
2.402703857421875000e+01
5.321182250976562500e+01
1.683967971801757812e+01
4.324885559082031250e+01
2.396975326538085938e+01
5.324941635131835938e+01
1.677605247497558594e+01
4.319570541381835938e+01
2.401346588134765625e+01
5.321334838867187500e+01
1.674942779541015625e+01
4.328562164306640625e+01
2.393891525268554688e+01
5.321520996093750000e+01
1.665285873413085938e+01
4.292440032958984375e+01
2.381835174560546875e+01
5.305964660644531250e+01
1.658475112915039062e+01
4.277740097045898438e+01
2.369171524047851562e+01
5.342980194091796875e+01
1.651142120361328125e+01
4.235424041748046875e+01
2.366423225402832031e+01
5.352275466918945312e+01
1.640432357788085938e+01
4.210925292968750000e+01
2.351341247558593750e+01
5.340095901489257812e+01
1.633572769165039062e+01
4.212026977539062500e+01
2.337009239196777344e+01
5.345882415771484375e+01
1.618057060241699219e+01
4.179552841186523438e+01
2.326556777954101562e+01
5.312913513183593750e+01
1.608890724182128906e+01
4.137987136840820312e+01
2.314903640747070312e+01
5.328322601318359375e+01
1.603934288024902344e+01
4.096683502197265625e+01
2.295160675048828125e+01
5.367024230957031250e+01
1.592768287658691406e+01
4.081848907470703125e+01
2.287981414794921875e+01
5.370956420898437500e+01
1.588715839385986328e+01
4.045470428466796875e+01
2.286975097656250000e+01
5.417217636108398438e+01
1.570667266845703125e+01
4.033996963500976562e+01
2.274546241760253906e+01
5.416472244262695312e+01
1.555489540100097656e+01
3.991688537597656250e+01
2.267226028442382812e+01
5.383792114257812500e+01
1.549015235900878906e+01
3.982432937622070312e+01
2.260713195800781250e+01
5.363761138916015625e+01
1.543225669860839844e+01
3.960092163085937500e+01
2.250449752807617188e+01
5.355117797851562500e+01
1.535313987731933594e+01
3.939212799072265625e+01
2.240288162231445312e+01
5.357524871826171875e+01
1.528343200683593750e+01
3.908291244506835938e+01
2.229370880126953125e+01
5.340641021728515625e+01
1.515984153747558594e+01
3.903165817260742188e+01
2.213898468017578125e+01
5.311963653564453125e+01
1.510723781585693359e+01
3.887821197509765625e+01
2.209013557434082031e+01
5.279942321777343750e+01
1.498293304443359375e+01
3.886918640136718750e+01
2.211339378356933594e+01
5.231099700927734375e+01
1.489099502563476562e+01
3.844270706176757812e+01
2.192242240905761719e+01
5.186837387084960938e+01
1.486987686157226562e+01
3.825189590454101562e+01
2.188887786865234375e+01
5.163520050048828125e+01
1.477517604827880859e+01
3.806536102294921875e+01
2.183272552490234375e+01
5.124648666381835938e+01
1.469225311279296875e+01
3.765916442871093750e+01
2.186407470703125000e+01
5.071223449707031250e+01
1.460156822204589844e+01
3.728792572021484375e+01
2.180469894409179688e+01
5.039804840087890625e+01
1.459018611907958984e+01
3.690407562255859375e+01
2.174226760864257812e+01
5.070075225830078125e+01
1.450643634796142578e+01
3.655636978149414062e+01
2.165087127685546875e+01
5.029619216918945312e+01
1.446876907348632812e+01
3.635760498046875000e+01
2.144747161865234375e+01
4.994996261596679688e+01
1.436252784729003906e+01
3.643431854248046875e+01
2.132832527160644531e+01
5.002244949340820312e+01
1.425543594360351562e+01
3.620871734619140625e+01
2.120255279541015625e+01
4.937663269042968750e+01
1.420854663848876953e+01
3.585715103149414062e+01
2.095807647705078125e+01
4.945520401000976562e+01
1.410364532470703125e+01
3.546746063232421875e+01
2.089299583435058594e+01
4.875066375732421875e+01
1.402831077575683594e+01
3.535063934326171875e+01
2.083926582336425781e+01
4.763896942138671875e+01
1.396135902404785156e+01
3.502802276611328125e+01
2.074614143371582031e+01
4.749054718017578125e+01
1.394787597656250000e+01
3.511407470703125000e+01
2.038887405395507812e+01
4.673753356933593750e+01
1.388982105255126953e+01
3.450492095947265625e+01
2.020944595336914062e+01
4.642885971069335938e+01
1.389617633819580078e+01
3.441899871826171875e+01
2.005450439453125000e+01
4.659099197387695312e+01
1.392886161804199219e+01
3.440821075439453125e+01
1.994473838806152344e+01
4.624712371826171875e+01
1.399923896789550781e+01
3.436384963989257812e+01
1.976023674011230469e+01
4.577740478515625000e+01
1.405292129516601562e+01
3.411278533935546875e+01
1.953793144226074219e+01
4.573590850830078125e+01
1.415121173858642578e+01
3.400971221923828125e+01
1.944239044189453125e+01
4.611097717285156250e+01
1.423699188232421875e+01
3.380432891845703125e+01
1.938911819458007812e+01
4.600030899047851562e+01
1.437456703186035156e+01
3.328826522827148438e+01
1.921947097778320312e+01
4.624116897583007812e+01
1.469829273223876953e+01
3.283857727050781250e+01
1.901496124267578125e+01
4.621137619018554688e+01
1.456852340698242188e+01
3.267104339599609375e+01
1.885255432128906250e+01
4.618609237670898438e+01
1.448235893249511719e+01
3.243365859985351562e+01
1.865593528747558594e+01
4.600733947753906250e+01
1.463238906860351562e+01
3.217581939697265625e+01
1.843618011474609375e+01
4.570411682128906250e+01
1.453308868408203125e+01
3.214440917968750000e+01
1.823243331909179688e+01
4.543784332275390625e+01
1.471505451202392578e+01
3.183262634277343750e+01
1.816160202026367188e+01
4.563287353515625000e+01
1.463839721679687500e+01
3.148186874389648438e+01
1.804431533813476562e+01
4.547701263427734375e+01
1.492402267456054688e+01
3.138542175292968750e+01
1.786719322204589844e+01
4.512934875488281250e+01
1.468840599060058594e+01
3.110347747802734375e+01
1.781973457336425781e+01
4.500370407104492188e+01
1.471414947509765625e+01
3.130289268493652344e+01
1.774097633361816406e+01
4.480144500732421875e+01
1.452856254577636719e+01
1.555725097656250000e+01
3.885887908935546875e+01
3.120608711242675781e+01
1.768077850341796875e+01
5.372645950317382812e+01
5.726863861083984375e+01
4.457485198974609375e+01
1.443345069885253906e+01
1.573606777191162109e+01
3.911494064331054688e+01
3.107539749145507812e+01
1.753187942504882812e+01
5.296332931518554688e+01
5.766497421264648438e+01
4.417009353637695312e+01
1.435945129394531250e+01
1.563462543487548828e+01
3.881876373291015625e+01
3.115962219238281250e+01
1.729877662658691406e+01
5.171805191040039062e+01
4.359579467773437500e+01
1.427077674865722656e+01
1.560610198974609375e+01
3.130301666259765625e+01
1.723299217224121094e+01
4.325748062133789062e+01
1.433704757690429688e+01
1.567631340026855469e+01
3.116593551635742188e+01
1.715088081359863281e+01
5.110879898071289062e+01
4.287725067138671875e+01
1.447565841674804688e+01
3.096056556701660156e+01
1.706314849853515625e+01
5.026017761230468750e+01
4.243449401855468750e+01
1.437475395202636719e+01
1.569396400451660156e+01
3.090284729003906250e+01
1.700987052917480469e+01
5.053673553466796875e+01
5.712053680419921875e+01
4.196211242675781250e+01
1.578777313232421875e+01
1.448681831359863281e+01
1.566336631774902344e+01
3.979156112670898438e+01
2.515459823608398438e+01
3.069039916992187500e+01
1.697924423217773438e+01
4.175452041625976562e+01
1.435515117645263672e+01
1.571138477325439453e+01
3.945137786865234375e+01
3.042391014099121094e+01
1.680910301208496094e+01
4.905095672607421875e+01
5.770731735229492188e+01
4.135036468505859375e+01
1.553046512603759766e+01
1.428475284576416016e+01
3.053187751770019531e+01
1.666330909729003906e+01
4.712234497070312500e+01
5.787958145141601562e+01
4.110685348510742188e+01
1.461553001403808594e+01
1.590240097045898438e+01
3.951176452636718750e+01
2.569359397888183594e+01
3.005735969543457031e+01
1.666791343688964844e+01
4.771174621582031250e+01
4.107520294189453125e+01
1.461598396301269531e+01
1.579227542877197266e+01
2.986763763427734375e+01
1.661895179748535156e+01
4.065735244750976562e+01
1.471332359313964844e+01
1.586443901062011719e+01
3.952752685546875000e+01
2.643778800964355469e+01
2.965359878540039062e+01
1.655629539489746094e+01
4.040587615966796875e+01
1.495326232910156250e+01
1.594451713562011719e+01
2.923497772216796875e+01
2.138135910034179688e+01
1.433608627319335938e+01
1.653179931640625000e+01
3.973805618286132812e+01
1.540402317047119141e+01
1.600627136230468750e+01
2.689648818969726562e+01
2.921963119506835938e+01
2.178711318969726562e+01
1.657400321960449219e+01
4.803005981445312500e+01
5.467456817626953125e+01
3.956027221679687500e+01
1.513082313537597656e+01
1.589321231842041016e+01
3.909017181396484375e+01
2.895682334899902344e+01
2.213473129272460938e+01
1.427298545837402344e+01
1.649241256713867188e+01
4.672655487060546875e+01
5.420824050903320312e+01
3.959663772583007812e+01
1.488912010192871094e+01
1.592713928222656250e+01
3.838310241699218750e+01
2.684634971618652344e+01
2.841101264953613281e+01
2.170733261108398438e+01
1.439278316497802734e+01
1.635600090026855469e+01
3.949187088012695312e+01
1.465806865692138672e+01
1.600457191467285156e+01
2.712820816040039062e+01
2.819003486633300781e+01
2.272958183288574219e+01
1.431394195556640625e+01
1.637184333801269531e+01
4.505763626098632812e+01
3.941840744018554688e+01
1.474482631683349609e+01
2.740148353576660156e+01
2.188603973388671875e+01
1.451903915405273438e+01
1.625012016296386719e+01
4.157395935058593750e+01
5.644528961181640625e+01
3.901864624023437500e+01
1.470085525512695312e+01
2.123587989807128906e+01
1.448719024658203125e+01
1.602127075195312500e+01
2.790116119384765625e+01
2.731451416015625000e+01
2.248925018310546875e+01
1.447199916839599609e+01
1.625577354431152344e+01
4.139341354370117188e+01
3.873420333862304688e+01
1.472126674652099609e+01
1.598111438751220703e+01
3.855607604980468750e+01
2.775378799438476562e+01
2.692201614379882812e+01
2.234908866882324219e+01
1.618128585815429688e+01
3.851818847656250000e+01
1.489016437530517578e+01
1.603741264343261719e+01
2.803773498535156250e+01
2.626786994934082031e+01
2.189401245117187500e+01
1.470500373840332031e+01
1.610038185119628906e+01
4.023837280273437500e+01
5.511586761474609375e+01
3.821556091308593750e+01
1.446623039245605469e+01
2.562162780761718750e+01
2.201586532592773438e+01
1.458520030975341797e+01
1.616884231567382812e+01
4.168537139892578125e+01
5.450489807128906250e+01
3.791944122314453125e+01
1.467613601684570312e+01
1.472266769409179688e+01
1.603817367553710938e+01
2.775696372985839844e+01
2.514472579956054688e+01
2.187792205810546875e+01
1.476969718933105469e+01
1.607979774475097656e+01
3.926087570190429688e+01
3.768727111816406250e+01
1.431977367401123047e+01
2.640319252014160156e+01
2.530735778808593750e+01
1.424161624908447266e+01
1.659091377258300781e+01
4.658314895629882812e+01
5.034167480468750000e+01
3.713023376464843750e+01
1.431115150451660156e+01
2.577620887756347656e+01
2.469191360473632812e+01
1.440747356414794922e+01
1.621615219116210938e+01
4.007726287841796875e+01
5.372523498535156250e+01
3.719811248779296875e+01
1.451434135437011719e+01
2.357974243164062500e+01
1.438327407836914062e+01
2.412136268615722656e+01
2.263708877563476562e+01
1.462849617004394531e+01
1.604488372802734375e+01
3.810224151611328125e+01
5.462415695190429688e+01
3.688047027587890625e+01
1.424475288391113281e+01
2.576213073730468750e+01
2.703866767883300781e+01
1.416109848022460938e+01
1.730822372436523438e+01
5.218046569824218750e+01
4.572527694702148438e+01
3.468711853027343750e+01
1.352678108215332031e+01
2.911037445068359375e+01
2.809597396850585938e+01
1.439480781555175781e+01
1.571785163879394531e+01
3.103583526611328125e+01
1.247168159484863281e+01
5.427796173095703125e+01
2.259777450561523438e+01
3.642729949951171875e+01
1.347325897216796875e+01
2.835235595703125000e+01
3.151354408264160156e+01
1.386360359191894531e+01
1.669490814208984375e+01
4.535335159301757812e+01
4.592429351806640625e+01
3.464484405517578125e+01
1.338079452514648438e+01
2.861293792724609375e+01
3.193427085876464844e+01
1.383466720581054688e+01
1.629115295410156250e+01
4.005466461181640625e+01
4.774292755126953125e+01
3.688368225097656250e+01
1.500336837768554688e+01
1.355771064758300781e+01
1.640565109252929688e+01
2.726818275451660156e+01
3.202848815917968750e+01
1.388684463500976562e+01
1.724451065063476562e+01
4.744861602783203125e+01
4.490497207641601562e+01
3.496841812133789062e+01
1.311220836639404297e+01
2.930128669738769531e+01
3.129080009460449219e+01
1.393175888061523438e+01
1.557058334350585938e+01
2.432786369323730469e+01
5.735529327392578125e+01
3.676133346557617188e+01
1.317784881591796875e+01
2.914051437377929688e+01
3.533070755004882812e+01
1.368456363677978516e+01
1.586617851257324219e+01
3.509587860107421875e+01
3.613819885253906250e+01
1.322462081909179688e+01
1.662067031860351562e+01
2.589516448974609375e+01
1.725799751281738281e+01
3.620011138916015625e+01
1.329679012298583984e+01
1.617619705200195312e+01
2.971207237243652344e+01
3.001294136047363281e+01
3.561168670654296875e+01
1.513748073577880859e+01
1.518057918548583984e+01
3.822847747802734375e+01
1.318497085571289062e+01
1.636495399475097656e+01
2.878365516662597656e+01
4.072076416015625000e+01
1.337030982971191406e+01
1.535730934143066406e+01
3.635610961914062500e+01
1.320142173767089844e+01
1.661401939392089844e+01
2.913832855224609375e+01
2.644688034057617188e+01
1.540956592559814453e+01
3.100391006469726562e+01
1.333724784851074219e+01
4.493418121337890625e+01
2.211199188232421875e+01
3.769859313964843750e+01
1.306928253173828125e+01
1.686389923095703125e+01
2.399266242980957031e+01
3.180629158020019531e+01
1.396566677093505859e+01
1.526309776306152344e+01
4.008320999145507812e+01
1.298923110961914062e+01
1.730755424499511719e+01
1.866019439697265625e+01
1.377756023406982422e+01
1.828448486328125000e+01
4.803602218627929688e+01
3.070944213867187500e+01
4.087798309326171875e+01
4.701565551757812500e+01
2.228154754638671875e+01
1.282216262817382812e+01
1.690597152709960938e+01
2.086328887939453125e+01
3.451343917846679688e+01
1.366607666015625000e+01
1.477366447448730469e+01
3.062432098388671875e+01
1.541363716125488281e+01
4.054046249389648438e+01
4.561999511718750000e+01
1.362179946899414062e+01
1.682209587097167969e+01
2.448323631286621094e+01
2.157684326171875000e+01
3.160443878173828125e+01
1.464957237243652344e+01
2.186839103698730469e+01
4.231758117675781250e+01
1.335934638977050781e+01
1.727210807800292969e+01
2.720222854614257812e+01
2.030448150634765625e+01
2.610615730285644531e+01
1.500347995758056641e+01
2.093493652343750000e+01
5.277449035644531250e+01
4.159791183471679688e+01
1.537597465515136719e+01
1.334681320190429688e+01
1.848200607299804688e+01
1.610001182556152344e+01
3.155603790283203125e+01
4.463635635375976562e+01
3.838236999511718750e+01
4.646902847290039062e+01
1.909758758544921875e+01
5.916780090332031250e+01
1.335980796813964844e+01
1.695229339599609375e+01
2.342971611022949219e+01
2.048299026489257812e+01
3.164060211181640625e+01
1.499663352966308594e+01
1.490188217163085938e+01
3.559484100341796875e+01
4.457094192504882812e+01
1.329448509216308594e+01
1.723652267456054688e+01
2.679845428466796875e+01
1.929299163818359375e+01
2.583577728271484375e+01
1.566239356994628906e+01
1.490051460266113281e+01
4.453581237792968750e+01
1.334146022796630859e+01
1.754009628295898438e+01
1.460572242736816406e+01
4.910668945312500000e+01
1.507027053833007812e+01
1.598164844512939453e+01
3.065559768676757812e+01
1.473415565490722656e+01
5.610482406616210938e+01
1.754166030883789062e+01
4.888567352294921875e+01
1.274499702453613281e+01
1.726399230957031250e+01
2.155035400390625000e+01
1.958400344848632812e+01
3.548162078857421875e+01
1.408672809600830078e+01
1.613912010192871094e+01
4.393670654296875000e+01
4.790075302124023438e+01
1.271916389465332031e+01
1.711232376098632812e+01
2.361014175415039062e+01
1.875923728942871094e+01
3.276561737060546875e+01
1.482088756561279297e+01
1.497423839569091797e+01
3.596961975097656250e+01
4.639935684204101562e+01
1.289944839477539062e+01
1.696042060852050781e+01
2.301292800903320312e+01
1.574593162536621094e+01
1.474032115936279297e+01
2.837652778625488281e+01
4.172940826416015625e+01
1.295984172821044922e+01
1.743813705444335938e+01
1.659775924682617188e+01
1.489497566223144531e+01
3.024734687805175781e+01
1.216147613525390625e+01
5.596592330932617188e+01
2.194406890869140625e+01
4.399483489990234375e+01
1.291306877136230469e+01
1.763364028930664062e+01
1.425296688079833984e+01
1.479286193847656250e+01
4.206115722656250000e+01
1.408004760742187500e+01
4.371502685546875000e+01
2.079848098754882812e+01
4.661327743530273438e+01
1.561316871643066406e+01
1.273098945617675781e+01
1.717259216308593750e+01
2.811426353454589844e+01
1.714976501464843750e+01
2.910675430297851562e+01
1.634720993041992188e+01
4.496476745605468750e+01
4.347333908081054688e+01
1.271964550018310547e+01
1.511508941650390625e+01
4.534255981445312500e+01
2.191577529907226562e+01
1.674753570556640625e+01
4.126829147338867188e+01
4.783848190307617188e+01
1.284336662292480469e+01
1.442470169067382812e+01
3.494628143310546875e+01
1.515918445587158203e+01
5.715038299560546875e+01
1.419394493103027344e+01
4.122385787963867188e+01
2.014231109619140625e+01
4.598649597167968750e+01
1.540507030487060547e+01
2.163321304321289062e+01
1.279505920410156250e+01
1.727573013305664062e+01
2.325147247314453125e+01
2.018729019165039062e+01
1.457998466491699219e+01
3.861460113525390625e+01
1.579260921478271484e+01
4.704801559448242188e+01
1.265739250183105469e+01
1.645267677307128906e+01
2.359915161132812500e+01
2.123303604125976562e+01
3.419867706298828125e+01
1.426367092132568359e+01
2.389113807678222656e+01
4.374258422851562500e+01
1.261143875122070312e+01
1.903237915039062500e+01
3.950407409667968750e+01
1.520652198791503906e+01
1.659684562683105469e+01
4.343859100341796875e+01
3.918318939208984375e+01
4.232300567626953125e+01
1.647459220886230469e+01
1.257132911682128906e+01
1.681391143798828125e+01
1.916550636291503906e+01
4.111035537719726562e+01
1.419380664825439453e+01
1.752386856079101562e+01
4.166798019409179688e+01
4.527536392211914062e+01
1.264586639404296875e+01
1.681912231445312500e+01
1.817787551879882812e+01
4.281727981567382812e+01
1.334948158264160156e+01
1.714562988281250000e+01
3.894544219970703125e+01
4.070898818969726562e+01
4.653061294555664062e+01
1.291803741455078125e+01
1.687701988220214844e+01
4.382481384277343750e+01
1.488233375549316406e+01
1.627527046203613281e+01
3.044968032836914062e+01
4.670837020874023438e+01
1.293051719665527344e+01
1.696730041503906250e+01
1.645843887329101562e+01
1.570260429382324219e+01
3.028367042541503906e+01
1.505667114257812500e+01
4.579486083984375000e+01
4.562336730957031250e+01
1.298199272155761719e+01
1.711523437500000000e+01
1.599653625488281250e+01
1.560009574890136719e+01
4.582861709594726562e+01
1.317351341247558594e+01
1.716597366333007812e+01
1.549239635467529297e+01
2.519066810607910156e+01
4.100555419921875000e+01
1.343572425842285156e+01
1.462372493743896484e+01
2.654219055175781250e+01
5.301880264282226562e+01
4.445921325683593750e+01
1.493412971496582031e+01
2.188433456420898438e+01
5.092707443237304688e+01
1.297684192657470703e+01
1.514438819885253906e+01
3.667128753662109375e+01
3.985055923461914062e+01
1.150802803039550781e+01
1.344329452514648438e+01
1.526463508605957031e+01
3.087537384033203125e+01
1.385800933837890625e+01
4.969603729248046875e+01
2.146895027160644531e+01
4.447353744506835938e+01
1.296609783172607422e+01
1.746888732910156250e+01
2.414019393920898438e+01
1.403663825988769531e+01
1.448425006866455078e+01
2.923598480224609375e+01
5.871400451660156250e+01
3.686053466796875000e+01
1.364324378967285156e+01
1.769299697875976562e+01
1.432205772399902344e+01
1.448213005065917969e+01
1.266028022766113281e+01
1.229728794097900391e+01
6.860346984863281250e+01
1.594659328460693359e+01
3.175872993469238281e+01
1.263660144805908203e+01
1.665420341491699219e+01
1.469825363159179688e+01
1.274182128906250000e+01
4.687948608398437500e+01
1.203282737731933594e+01
1.406986904144287109e+01
1.396163940429687500e+01
1.356600475311279297e+01
4.698392868041992188e+01
1.366432189941406250e+01
1.763673210144042969e+01
2.009249114990234375e+01
1.414933967590332031e+01
1.584400367736816406e+01
4.398881530761718750e+01
1.190956783294677734e+01
1.418484973907470703e+01
1.786186981201171875e+01
4.947773742675781250e+01
4.716653060913085938e+01
1.547356224060058594e+01
2.351433944702148438e+01
5.068581771850585938e+01
1.279306411743164062e+01
1.778375625610351562e+01
2.127593803405761719e+01
1.422296333312988281e+01
3.285938262939453125e+01
1.655250930786132812e+01
3.644512176513671875e+01
4.278504562377929688e+01
4.412047958374023438e+01
1.564246273040771484e+01
2.219908905029296875e+01
1.281423187255859375e+01
1.778377532958984375e+01
2.278290557861328125e+01
1.399684715270996094e+01
1.419302272796630859e+01
3.928209304809570312e+01
1.371029853820800781e+01
1.813419342041015625e+01
1.352045059204101562e+01
1.259208583831787109e+01
3.658076858520507812e+01
1.298472118377685547e+01
1.380461883544921875e+01
1.434392356872558594e+01
1.663549423217773438e+01
4.547874832153320312e+01
1.301726913452148438e+01
1.407344913482666016e+01
2.971626853942871094e+01
4.240870666503906250e+01
1.472525596618652344e+01
1.742707824707031250e+01
3.906739044189453125e+01
4.360878753662109375e+01
4.851456451416015625e+01
1.291442108154296875e+01
1.768451881408691406e+01
2.235030174255371094e+01
1.403152179718017578e+01
3.841650390625000000e+01
1.407097339630126953e+01
2.013695907592773438e+01
6.205814361572265625e+01
4.656745147705078125e+01
1.546192932128906250e+01
1.387779426574707031e+01
1.837543678283691406e+01
2.343732070922851562e+01
1.380416870117187500e+01
1.515522766113281250e+01
2.827064514160156250e+01
5.229470443725585938e+01
5.142558670043945312e+01
1.272061920166015625e+01
1.370873069763183594e+01
1.438542366027832031e+01
3.554293441772460938e+01
1.291113090515136719e+01
1.336564159393310547e+01
1.430579566955566406e+01
2.332745742797851562e+01
5.516049957275390625e+01
4.527227783203125000e+01
1.371954822540283203e+01
1.885158538818359375e+01
2.335031509399414062e+01
2.327194595336914062e+01
3.798293304443359375e+01
1.351601409912109375e+01
1.546880626678466797e+01
4.692481231689453125e+01
4.839117431640625000e+01
1.449622917175292969e+01
1.826759719848632812e+01
2.693406295776367188e+01
1.323764801025390625e+01
1.403134727478027344e+01
4.489054870605468750e+01
1.666159439086914062e+01
3.823188400268554688e+01
4.967642974853515625e+01
1.572656536102294922e+01
1.525334548950195312e+01
3.926736450195312500e+01
4.058937072753906250e+01
1.796225357055664062e+01
2.237488555908203125e+01
1.363685798645019531e+01
2.058554458618164062e+01
4.153381347656250000e+01
4.597074508666992188e+01
1.664592742919921875e+01
1.929070472717285156e+01
2.196993827819824219e+01
1.539312267303466797e+01
3.793570709228515625e+01
4.394242858886718750e+01
1.359396743774414062e+01
1.319487762451171875e+01
4.514687347412109375e+01
1.524101352691650391e+01
1.843653869628906250e+01
2.106344604492187500e+01
1.563915061950683594e+01
1.370192813873291016e+01
1.267886924743652344e+01
1.550539493560791016e+01
4.515403747558593750e+01
1.797671890258789062e+01
4.428154754638671875e+01
1.465682697296142578e+01
1.848314666748046875e+01
2.143859481811523438e+01
1.598683357238769531e+01
3.587532424926757812e+01
1.377130317687988281e+01
4.442512512207031250e+01
1.361610603332519531e+01
1.823646163940429688e+01
1.619677162170410156e+01
4.890962982177734375e+01
1.491406154632568359e+01
1.413836956024169922e+01
1.268934440612792969e+01
1.338083076477050781e+01
5.143083953857421875e+01
1.933253288269042969e+01
4.479895019531250000e+01
1.295519065856933594e+01
1.601231956481933594e+01
5.514333724975585938e+01
1.335639381408691406e+01
1.843710708618164062e+01
4.187564086914062500e+01
4.582899475097656250e+01
1.442502784729003906e+01
1.406281280517578125e+01
1.370333862304687500e+01
5.481154251098632812e+01
1.207699775695800781e+01
1.598610877990722656e+01
2.648946762084960938e+01
4.268385314941406250e+01
4.322191619873046875e+01
1.607014465332031250e+01
1.488501262664794922e+01
1.903552055358886719e+01
1.459929275512695312e+01
2.065500068664550781e+01
4.902269363403320312e+01
1.359575462341308594e+01
1.356297492980957031e+01
1.313842201232910156e+01
2.994585037231445312e+01
1.805402755737304688e+01
2.033167266845703125e+01
2.335914611816406250e+01
1.585885906219482422e+01
1.352955436706542969e+01
1.338759899139404297e+01
1.547146987915039062e+01
4.647917175292968750e+01
4.673507690429687500e+01
1.747792053222656250e+01
2.003756332397460938e+01
2.247985649108886719e+01
1.547419738769531250e+01
2.680598068237304688e+01
5.398788452148437500e+01
1.353215026855468750e+01
1.462450027465820312e+01
1.433504009246826172e+01
5.149752807617187500e+01
1.827578353881835938e+01
4.573128128051757812e+01
1.605576133728027344e+01
4.471790313720703125e+01
1.967489242553710938e+01
2.188968849182128906e+01
1.546956634521484375e+01
1.510582351684570312e+01
1.614583587646484375e+01
4.162331390380859375e+01
1.763058853149414062e+01
1.988535690307617188e+01
2.280511856079101562e+01
1.463355827331542969e+01
1.322010803222656250e+01
1.494530105590820312e+01
1.464656543731689453e+01
1.541857147216796875e+01
4.373989105224609375e+01
4.687426376342773438e+01
1.715731048583984375e+01
1.438286781311035156e+01
1.272581863403320312e+01
1.433069038391113281e+01
1.369085025787353516e+01
1.516258335113525391e+01
4.572296142578125000e+01
1.758146667480468750e+01
4.652460098266601562e+01
1.679152107238769531e+01
1.958121109008789062e+01
2.296459007263183594e+01
1.447353839874267578e+01
1.549653339385986328e+01
6.285526275634765625e+01
1.316744327545166016e+01
1.582126617431640625e+01
1.480092906951904297e+01
4.661067199707031250e+01
1.924739837646484375e+01
2.104496002197265625e+01
2.449536705017089844e+01
1.360264587402343750e+01
1.586895370483398438e+01
6.125679779052734375e+01
1.286724662780761719e+01
1.367957782745361328e+01
1.354380607604980469e+01
4.479798126220703125e+01
2.087966728210449219e+01
2.140021324157714844e+01
2.406075668334960938e+01
1.404102897644042969e+01
1.400110626220703125e+01
1.315290832519531250e+01
1.421217346191406250e+01
1.471370697021484375e+01
5.394137573242187500e+01
4.305664062500000000e+01
2.080689430236816406e+01
2.112372589111328125e+01
2.293398284912109375e+01
1.465051555633544922e+01
1.556234169006347656e+01
1.351360130310058594e+01
1.833979797363281250e+01
5.633420181274414062e+01
3.923353958129882812e+01
2.299896240234375000e+01
2.194331932067871094e+01
2.295579528808593750e+01
1.514276218414306641e+01
2.684662437438964844e+01
5.005127716064453125e+01
1.316634941101074219e+01
1.355103111267089844e+01
1.428467369079589844e+01
4.464579010009765625e+01
2.057001113891601562e+01
2.062343788146972656e+01
2.133778381347656250e+01
1.520204925537109375e+01
1.467822742462158203e+01
5.988899993896484375e+01
1.361680412292480469e+01
1.362355232238769531e+01
1.339694976806640625e+01
4.029183959960937500e+01
2.445843887329101562e+01
2.273555374145507812e+01
2.229034423828125000e+01
1.450193786621093750e+01
1.954787826538085938e+01
1.342800712585449219e+01
1.672219085693359375e+01
4.927812576293945312e+01
4.605361557006835938e+01
2.059245109558105469e+01
2.041722488403320312e+01
2.045852661132812500e+01
1.408434677124023438e+01
3.074014663696289062e+01
6.891024780273437500e+01
1.350932693481445312e+01
2.404401779174804688e+01
5.424214172363281250e+01
4.181764984130859375e+01
4.008149337768554688e+01
1.422783565521240234e+01
1.489167308807373047e+01
5.868530273437500000e+01
2.887425613403320312e+01
1.680750274658203125e+01
1.755620765686035156e+01
4.978806304931640625e+01
4.299579620361328125e+01
4.413354110717773438e+01
1.544438743591308594e+01
1.593969249725341797e+01
5.982065963745117188e+01
2.931531906127929688e+01
1.726907348632812500e+01
1.321366500854492188e+01
1.473772907257080078e+01
1.227919769287109375e+01
4.220372009277343750e+01
4.797889328002929688e+01
1.763581275939941406e+01
5.859384155273437500e+01
2.081425476074218750e+01
1.339821624755859375e+01
1.477301311492919922e+01
1.124434471130371094e+01
5.358390808105468750e+01
4.609553527832031250e+01
5.019433593750000000e+01
2.638948440551757812e+01
5.280984497070312500e+01
3.707382583618164062e+01
1.265712451934814453e+01
1.678519439697265625e+01
3.529356384277343750e+01
6.252317047119140625e+01
4.131240844726562500e+01
1.895496559143066406e+01
4.195779418945312500e+01
4.552822494506835938e+01
1.315839195251464844e+01
3.974892425537109375e+01
3.764427947998046875e+01
3.905673599243164062e+01
1.276803588867187500e+01
2.713304901123046875e+01
3.477203369140625000e+01
3.688572311401367188e+01
3.690018463134765625e+01
1.272819709777832031e+01
3.510135650634765625e+01
3.665522766113281250e+01
3.592443847656250000e+01
1.285037136077880859e+01
3.554589080810546875e+01
3.630613327026367188e+01
3.553737258911132812e+01
1.294774436950683594e+01
3.685028839111328125e+01
3.680087280273437500e+01
3.532643890380859375e+01
1.296544647216796875e+01
3.786458587646484375e+01
3.678664398193359375e+01
3.494147109985351562e+01
1.298904609680175781e+01
4.016786193847656250e+01
3.671649932861328125e+01
3.456833648681640625e+01
1.298749542236328125e+01
4.285085678100585938e+01
3.701429748535156250e+01
3.396515274047851562e+01
1.306852054595947266e+01
4.381544876098632812e+01
3.760054779052734375e+01
3.293122863769531250e+01
1.307681846618652344e+01
4.126895904541015625e+01
3.837365341186523438e+01
2.993838500976562500e+01
4.093904876708984375e+01
1.322475814819335938e+01
4.015843963623046875e+01
3.411672210693359375e+01
2.849607849121093750e+01
1.345097541809082031e+01
4.272882461547851562e+01
2.827834701538085938e+01
1.491267967224121094e+01
4.687455749511718750e+01
1.341371536254882812e+01
3.628665924072265625e+01
3.513788986206054688e+01
3.866651916503906250e+01
1.281083297729492188e+01
3.851392364501953125e+01
3.216947937011718750e+01
2.668770790100097656e+01
1.346372890472412109e+01
1.397362804412841797e+01
4.282405090332031250e+01
2.477584457397460938e+01
7.015946960449218750e+01
1.306067752838134766e+01
1.887782287597656250e+01
2.542908096313476562e+01
3.692559051513671875e+01
4.180830383300781250e+01
4.210990142822265625e+01
1.373790073394775391e+01
1.784417343139648438e+01
4.175690460205078125e+01
3.906937026977539062e+01
3.502900314331054688e+01
1.356248283386230469e+01
4.204295730590820312e+01
3.765344619750976562e+01
3.157740783691406250e+01
1.361058044433593750e+01
2.045127868652343750e+01
3.984732818603515625e+01
3.743354797363281250e+01
3.056040573120117188e+01
1.323906135559082031e+01
1.934968566894531250e+01
1.806296348571777344e+01
3.464048004150390625e+01
3.713150024414062500e+01
2.957314300537109375e+01
2.880175781250000000e+01
1.960733604431152344e+01
1.300928401947021484e+01
3.711633300781250000e+01
3.134253692626953125e+01
1.891408920288085938e+01
1.715862274169921875e+01
3.603920745849609375e+01
3.611347198486328125e+01
2.651273727416992188e+01
1.846796989440917969e+01
1.288727855682373047e+01
3.362219238281250000e+01
3.588886642456054688e+01
2.525004959106445312e+01
2.051540565490722656e+01
2.283305740356445312e+01
1.281024646759033203e+01
3.278297805786132812e+01
3.592952728271484375e+01
2.587873458862304688e+01
2.058238220214843750e+01
2.265190315246582031e+01
1.290381622314453125e+01
2.397580337524414062e+01
1.324635505676269531e+01
6.174381637573242188e+01
3.106519889831542969e+01
3.670597839355468750e+01
2.645206451416015625e+01
2.290377044677734375e+01
2.155626678466796875e+01
1.290925979614257812e+01
2.694599342346191406e+01
2.212878036499023438e+01
1.211447238922119141e+01
3.569143676757812500e+01
1.232747650146484375e+01
2.347783660888671875e+01
1.401558399200439453e+01
1.417513084411621094e+01
1.751315498352050781e+01
1.455010509490966797e+01
3.217808532714843750e+01
2.492179489135742188e+01
2.186088371276855469e+01
3.537193298339843750e+01
2.404020690917968750e+01
1.301216983795166016e+01
1.503266048431396484e+01
1.433910751342773438e+01
1.736249542236328125e+01
3.312657165527343750e+01
2.118955993652343750e+01
1.216672420501708984e+01
2.962027359008789062e+01
2.821328353881835938e+01
1.566965770721435547e+01
1.541965293884277344e+01
2.410180282592773438e+01
1.474502182006835938e+01
1.597588157653808594e+01
1.617279243469238281e+01
2.467133712768554688e+01
2.050354003906250000e+01
1.224652862548828125e+01
3.458649444580078125e+01
3.099089050292968750e+01
1.258302021026611328e+01
3.053094863891601562e+01
1.349411010742187500e+01
1.919308662414550781e+01
3.498108291625976562e+01
3.129986953735351562e+01
2.993060684204101562e+01
1.842423439025878906e+01
2.357595634460449219e+01
1.602191352844238281e+01
1.800271987915039062e+01
2.607728195190429688e+01
1.973140335083007812e+01
1.206799507141113281e+01
3.470359039306640625e+01
1.253730201721191406e+01
2.263823318481445312e+01
2.736720466613769531e+01
3.542420959472656250e+01
1.239893150329589844e+01
3.230152130126953125e+01
1.407859230041503906e+01
1.775383186340332031e+01
2.890299797058105469e+01
3.533358001708984375e+01
3.190287780761718750e+01
1.306456851959228516e+01
2.544569778442382812e+01
2.045949363708496094e+01
3.362647628784179688e+01
1.953518295288085938e+01
1.215662765502929688e+01
3.401151275634765625e+01
1.192766761779785156e+01
2.328370475769042969e+01
1.314054679870605469e+01
1.372373390197753906e+01
2.694200515747070312e+01
1.375111007690429688e+01
1.594666957855224609e+01
2.088706398010253906e+01
2.108252143859863281e+01
1.309306240081787109e+01
4.060399246215820312e+01
3.840362167358398438e+01
1.214573860168457031e+01
3.272061920166015625e+01
2.239735984802246094e+01
1.395289230346679688e+01
2.394194412231445312e+01
2.337288665771484375e+01
1.219019508361816406e+01
3.949169540405273438e+01
3.331638717651367188e+01
1.216315269470214844e+01
2.998983764648437500e+01
1.461340808868408203e+01
3.652759552001953125e+01
2.086748504638671875e+01
2.190934181213378906e+01
1.221662902832031250e+01
3.957835769653320312e+01
1.183908271789550781e+01
3.220928573608398438e+01
1.220134735107421875e+01
2.940193557739257812e+01
2.264200210571289062e+01
2.073342704772949219e+01
1.201332664489746094e+01
3.742755126953125000e+01
1.193082618713378906e+01
2.360418319702148438e+01
2.959202575683593750e+01
1.233960914611816406e+01
2.440348052978515625e+01
1.899102401733398438e+01
3.020666503906250000e+01
3.257826995849609375e+01
1.944405364990234375e+01
1.524755477905273438e+01
1.605239486694335938e+01
1.490604209899902344e+01
1.427509689331054688e+01
2.315393829345703125e+01
2.677064514160156250e+01
1.279404449462890625e+01
3.586603927612304688e+01
1.239921665191650391e+01
1.771470642089843750e+01
2.227792358398437500e+01
2.492193222045898438e+01
2.852473831176757812e+01
2.428863334655761719e+01
1.332030296325683594e+01
7.765959167480468750e+01
2.193590927124023438e+01
2.646371650695800781e+01
3.605205535888671875e+01
2.217032814025878906e+01
2.495168113708496094e+01
2.750676345825195312e+01
2.489242935180664062e+01
1.349733734130859375e+01
5.265348052978515625e+01
1.967374420166015625e+01
2.374089813232421875e+01
3.628311157226562500e+01
2.428029251098632812e+01
3.044068908691406250e+01
2.243573570251464844e+01
2.366048812866210938e+01
1.450329113006591797e+01
3.424046707153320312e+01
1.979329299926757812e+01
3.507468032836914062e+01
2.233835220336914062e+01
1.325682640075683594e+01
1.364541721343994141e+01
1.401936149597167969e+01
2.223118972778320312e+01
1.372400665283203125e+01
3.452267837524414062e+01
1.705773162841796875e+01
3.561428451538085938e+01
2.242699050903320312e+01
2.250329589843750000e+01
1.218614959716796875e+01
2.486469650268554688e+01
1.521741771697998047e+01
3.183867645263671875e+01
2.266988372802734375e+01
2.013889503479003906e+01
3.085305023193359375e+01
1.550572681427001953e+01
1.347708892822265625e+01
1.594255733489990234e+01
2.530830574035644531e+01
1.330780410766601562e+01
7.014328002929687500e+01
2.018677520751953125e+01
2.572708320617675781e+01
3.554694366455078125e+01
2.466468811035156250e+01
1.242404556274414062e+01
3.003722763061523438e+01
2.484251213073730469e+01
1.344550704956054688e+01
5.102649688720703125e+01
1.827061462402343750e+01
2.309744262695312500e+01
1.237581825256347656e+01
3.710612487792968750e+01
1.210140609741210938e+01
2.263634109497070312e+01
2.474283790588378906e+01
2.311487579345703125e+01
3.300076293945312500e+01
2.225769805908203125e+01
1.225020599365234375e+01
2.563093376159667969e+01
1.486086082458496094e+01
2.124265480041503906e+01
2.093910217285156250e+01
1.190426826477050781e+01
3.443082046508789062e+01
1.184459590911865234e+01
2.323082733154296875e+01
1.965956878662109375e+01
1.421074485778808594e+01
2.224758911132812500e+01
4.408495330810546875e+01
1.477305984497070312e+01
1.561341762542724609e+01
2.728533935546875000e+01
1.407602691650390625e+01
8.103601074218750000e+01
1.770139312744140625e+01
2.501803016662597656e+01
1.296329212188720703e+01
3.342698287963867188e+01
1.278788185119628906e+01
1.944691467285156250e+01
1.426511192321777344e+01
1.754068756103515625e+01
1.603388595581054688e+01
2.821061325073242188e+01
2.527650833129882812e+01
2.412311935424804688e+01
1.361557579040527344e+01
5.599671173095703125e+01
1.704605102539062500e+01
2.287542724609375000e+01
1.246546936035156250e+01
3.550909423828125000e+01
1.241686630249023438e+01
1.853400802612304688e+01
2.672207641601562500e+01
2.386341094970703125e+01
2.089876937866210938e+01
1.969064712524414062e+01
2.082985305786132812e+01
1.206991386413574219e+01
3.334200286865234375e+01
1.194108390808105469e+01
2.303063583374023438e+01
2.265172386169433594e+01
1.582772445678710938e+01
6.896592712402343750e+01
1.458622169494628906e+01
1.311619472503662109e+01
1.951248931884765625e+01
1.471624660491943359e+01
8.399163818359375000e+01
1.781219863891601562e+01
2.454114913940429688e+01
1.324378585815429688e+01
3.246772003173828125e+01
1.373443603515625000e+01
1.923343276977539062e+01
1.372633934020996094e+01
1.780812263488769531e+01
1.550300312042236328e+01
1.245259952545166016e+01
2.544201660156250000e+01
1.388354778289794922e+01
6.186499023437500000e+01
1.677124977111816406e+01
3.541126251220703125e+01
1.611832046508789062e+01
2.733874893188476562e+01
2.521290969848632812e+01
2.161439323425292969e+01
1.801892089843750000e+01
2.094928169250488281e+01
1.226391410827636719e+01
3.300244140625000000e+01
1.531082916259765625e+01
6.237775421142578125e+01
1.291856384277343750e+01
1.363973999023437500e+01
2.853816604614257812e+01
1.679175949096679688e+01
1.323749923706054688e+01
6.386389923095703125e+01
1.662809562683105469e+01
3.440804290771484375e+01
1.712524986267089844e+01
1.252084159851074219e+01
2.484134864807128906e+01
1.448151683807373047e+01
4.933891296386718750e+01
1.715110397338867188e+01
2.121270370483398438e+01
1.238013744354248047e+01
3.453871154785156250e+01
1.508052730560302734e+01
5.878763198852539062e+01
1.274554252624511719e+01
1.504786777496337891e+01
2.538396453857421875e+01
1.372883129119873047e+01
4.781955718994140625e+01
1.657910728454589844e+01
3.484603881835937500e+01
1.617796516418457031e+01
1.230334091186523438e+01
2.317616271972656250e+01
1.475427532196044922e+01
4.605214691162109375e+01
1.784780311584472656e+01
3.368433761596679688e+01
1.409637260437011719e+01
5.379905700683593750e+01
1.431871032714843750e+01
1.236935997009277344e+01
1.556200504302978516e+01
1.656885910034179688e+01
1.946445274353027344e+01
1.476613330841064453e+01
3.536876678466796875e+01
1.261081695556640625e+01
1.821626853942871094e+01
4.822112655639648438e+01
1.243825531005859375e+01
2.460280418395996094e+01
1.442023849487304688e+01
4.536976623535156250e+01
1.648459815979003906e+01
3.489111328125000000e+01
1.442641830444335938e+01
1.241920852661132812e+01
1.607110404968261719e+01
1.738876533508300781e+01
1.935721588134765625e+01
1.475767135620117188e+01
3.512888717651367188e+01
1.267489528656005859e+01
2.409530067443847656e+01
2.153419494628906250e+01
1.821396255493164062e+01
4.925898742675781250e+01
1.655545425415039062e+01
1.252897644042968750e+01
2.592343521118164062e+01
1.415573978424072266e+01
4.542375564575195312e+01
1.567881393432617188e+01
2.052756690979003906e+01
3.514142608642578125e+01
1.553908157348632812e+01
5.885114288330078125e+01
2.334505844116210938e+01
2.067614364624023438e+01
2.361061096191406250e+01
1.426038074493408203e+01
1.636547088623046875e+01
1.894102668762207031e+01
1.210683441162109375e+01
3.245291900634765625e+01
1.264612388610839844e+01
1.467085456848144531e+01
6.581600189208984375e+01
1.340478897094726562e+01
1.348768043518066406e+01
2.629170989990234375e+01
1.282667064666748047e+01
1.430615425109863281e+01
2.561982536315917969e+01
2.024240875244140625e+01
1.867628097534179688e+01
3.421319580078125000e+01
1.801079940795898438e+01
4.989138793945312500e+01
1.766312217712402344e+01
2.425072860717773438e+01
1.391334915161132812e+01
4.928707122802734375e+01
1.524646377563476562e+01
3.484738540649414062e+01
1.552707481384277344e+01
4.065010452270507812e+01
1.244788932800292969e+01
1.854236793518066406e+01
1.515746212005615234e+01
4.903057098388671875e+01
1.462471294403076172e+01
1.644710350036621094e+01
1.944726371765136719e+01
1.204287528991699219e+01
3.368717193603515625e+01
1.437879085540771484e+01
6.090323638916015625e+01
1.223733711242675781e+01
1.635368347167968750e+01
1.415364170074462891e+01
4.335097503662109375e+01
1.914315414428710938e+01
1.890495681762695312e+01
3.364279937744140625e+01
1.580968856811523438e+01
1.270878219604492188e+01
2.300669860839843750e+01
1.436919212341308594e+01
4.891641998291015625e+01
1.465420913696289062e+01
2.026788139343261719e+01
1.981283950805664062e+01
1.229851913452148438e+01
3.329354476928710938e+01
1.473768424987792969e+01
5.288127899169921875e+01
1.243325996398925781e+01
1.805315208435058594e+01
1.538283824920654297e+01
4.838079071044921875e+01
1.455636882781982422e+01
1.705154800415039062e+01
1.907409667968750000e+01
3.120169448852539062e+01
1.418903446197509766e+01
5.566497039794921875e+01
1.731689071655273438e+01
2.878598785400390625e+01
1.219586372375488281e+01
1.459237003326416016e+01
2.290523529052734375e+01
1.440074539184570312e+01
4.440148162841796875e+01
1.702367019653320312e+01
1.934316444396972656e+01
3.143627738952636719e+01
1.611095237731933594e+01
4.638127136230468750e+01
1.735677337646484375e+01
1.251983642578125000e+01
2.000978088378906250e+01
1.484135341644287109e+01
4.854839706420898438e+01
1.440362644195556641e+01
2.017496871948242188e+01
3.137093353271484375e+01
1.422701072692871094e+01
5.377370452880859375e+01
3.255596923828125000e+01
1.598382377624511719e+01
1.814258956909179688e+01
1.486033630371093750e+01
1.416212272644042969e+01
1.647459411621093750e+01
1.904803085327148438e+01
1.206790924072265625e+01
3.019697570800781250e+01
1.439140224456787109e+01
6.386938476562500000e+01
1.507561874389648438e+01
1.381788444519042969e+01
2.665878295898437500e+01
1.219621467590332031e+01
1.579472351074218750e+01
2.357636451721191406e+01
1.612976646423339844e+01
2.306460571289062500e+01
3.047799873352050781e+01
1.363920783996582031e+01
1.602470588684082031e+01
4.723612213134765625e+01
1.595923233032226562e+01
1.254584884643554688e+01
1.707594871520996094e+01
1.527802276611328125e+01
5.002696990966796875e+01
1.482444572448730469e+01
1.928781509399414062e+01
3.054072189331054688e+01
1.365509986877441406e+01
5.271283340454101562e+01
2.801096725463867188e+01
1.891812515258789062e+01
1.519177246093750000e+01
2.178005599975585938e+01
1.535110282897949219e+01
4.714959335327148438e+01
1.443189430236816406e+01
1.873363113403320312e+01
1.914031219482421875e+01
2.798085403442382812e+01
1.296326065063476562e+01
2.586765098571777344e+01
2.110942459106445312e+01
1.402356433868408203e+01
1.218483924865722656e+01
1.417752265930175781e+01
2.495621109008789062e+01
1.613169860839843750e+01
2.346162986755371094e+01
2.880590057373046875e+01
1.368408584594726562e+01
2.538783073425292969e+01
1.626206779479980469e+01
1.326551055908203125e+01
1.322821044921875000e+01
1.250217819213867188e+01
1.565800476074218750e+01
2.436318778991699219e+01
1.531336784362792969e+01
5.209757232666015625e+01
1.599220085144042969e+01
1.877414703369140625e+01
2.064383506774902344e+01
1.199970436096191406e+01
2.901460075378417969e+01
1.431920051574707031e+01
2.583115386962890625e+01
1.969751358032226562e+01
1.335806941986083984e+01
4.601548004150390625e+01
3.202941513061523438e+01
1.583718299865722656e+01
1.820222091674804688e+01
1.410157203674316406e+01
2.210130691528320312e+01
1.606393051147460938e+01
1.432878875732421875e+01
1.823546218872070312e+01
1.972272109985351562e+01
2.730651473999023438e+01
1.317408943176269531e+01
2.513164329528808594e+01
2.017531585693359375e+01
1.423298740386962891e+01
6.105047225952148438e+01
1.848670578002929688e+01
3.501419067382812500e+01
1.621055984497070312e+01
1.570492553710937500e+01
2.006618881225585938e+01
2.793052101135253906e+01
1.399658966064453125e+01
2.549590301513671875e+01
1.633215332031250000e+01
1.301144027709960938e+01
1.360128498077392578e+01
4.217721939086914062e+01
1.590257453918457031e+01
1.841681671142578125e+01
1.399311065673828125e+01
2.365059280395507812e+01
1.570833492279052734e+01
5.080717468261718750e+01
1.517859458923339844e+01
2.745145416259765625e+01
1.429298973083496094e+01
1.447733211517333984e+01
5.068991088867187500e+01
2.101933097839355469e+01
2.939992713928222656e+01
1.425005722045898438e+01
2.203457260131835938e+01
1.574206352233886719e+01
4.696487426757812500e+01
1.710304069519042969e+01
2.060782432556152344e+01
2.755535125732421875e+01
1.420353698730468750e+01
2.472175788879394531e+01
1.768901634216308594e+01
1.329259300231933594e+01
1.949355888366699219e+01
1.297315216064453125e+01
1.994050979614257812e+01
1.774742507934570312e+01
1.640269851684570312e+01
2.173112106323242188e+01
2.752836036682128906e+01
1.456137561798095703e+01
2.474349594116210938e+01
1.817894554138183594e+01
1.322961044311523438e+01
3.083688735961914062e+01
1.256255245208740234e+01
1.429896545410156250e+01
2.295327568054199219e+01
1.680867767333984375e+01
1.383567905426025391e+01
1.689824676513671875e+01
2.032061386108398438e+01
1.236253929138183594e+01
2.766317939758300781e+01
1.473963737487792969e+01
2.536451530456542969e+01
1.863282394409179688e+01
1.847132873535156250e+01
3.743862152099609375e+01
1.953269577026367188e+01
1.478225326538085938e+01
2.194044303894042969e+01
1.899960327148437500e+01
1.807581329345703125e+01
1.967963218688964844e+01
1.273091506958007812e+01
2.890236663818359375e+01
1.411676597595214844e+01
2.512248229980468750e+01
1.791070175170898438e+01
1.316035366058349609e+01
1.448202896118164062e+01
4.156062316894531250e+01
1.628473472595214844e+01
1.855633926391601562e+01
1.423769760131835938e+01
2.194545745849609375e+01
1.695254898071289062e+01
1.740931892395019531e+01
2.016476058959960938e+01
1.230269813537597656e+01
2.727739906311035156e+01
1.411988639831542969e+01
2.598072814941406250e+01
1.789173889160156250e+01
2.660884094238281250e+01
4.501142883300781250e+01
1.792856979370117188e+01
1.619530868530273438e+01
1.800319290161132812e+01
1.798019790649414062e+01
1.967749786376953125e+01
3.008697128295898438e+01
1.356748390197753906e+01
4.157302093505859375e+01
3.701791381835937500e+01
1.542165374755859375e+01
2.201594734191894531e+01
2.527968025207519531e+01
1.786552238464355469e+01
2.103778457641601562e+01
2.068980407714843750e+01
1.202101135253906250e+01
2.761059951782226562e+01
1.574292469024658203e+01
2.639608764648437500e+01
1.354436492919921875e+01
1.411940670013427734e+01
5.613851165771484375e+01
1.601556015014648438e+01
1.341248130798339844e+01
1.291251182556152344e+01
1.402874946594238281e+01
2.276544952392578125e+01
2.206891250610351562e+01
2.672870635986328125e+01
1.561779403686523438e+01
2.676094245910644531e+01
1.809183502197265625e+01
1.437662696838378906e+01
3.764100646972656250e+01
4.367113876342773438e+01
1.620088958740234375e+01
1.599698638916015625e+01
1.316676902770996094e+01
2.278849220275878906e+01
2.105624389648437500e+01
1.989855384826660156e+01
2.692156600952148438e+01
1.636747360229492188e+01
1.743267440795898438e+01
1.352358055114746094e+01
1.385086250305175781e+01
5.864598846435546875e+01
1.742457199096679688e+01
1.283162212371826172e+01
1.319465255737304688e+01
1.949109649658203125e+01
2.150896835327148438e+01
2.078899383544921875e+01
2.657099533081054688e+01
1.359811115264892578e+01
1.912481117248535156e+01
5.993172073364257812e+01
1.514999580383300781e+01
1.350631713867187500e+01
1.860750579833984375e+01
2.194181060791015625e+01
2.072526168823242188e+01
2.215650367736816406e+01
1.218640232086181641e+01
2.533396148681640625e+01
1.711613845825195312e+01
1.387594509124755859e+01
3.067791175842285156e+01
5.423196792602539062e+01
1.759468078613281250e+01
1.327112865447998047e+01
1.360416316986083984e+01
1.779250717163085938e+01
2.050475311279296875e+01
1.835566139221191406e+01
2.169526863098144531e+01
2.546224403381347656e+01
1.669905853271484375e+01
1.696313285827636719e+01
1.379946708679199219e+01
3.132095527648925781e+01
5.140998077392578125e+01
1.724863433837890625e+01
1.245005226135253906e+01
1.345934963226318359e+01
1.585296440124511719e+01
2.276028823852539062e+01
1.962945365905761719e+01
1.674045562744140625e+01
2.117443847656250000e+01
1.244841194152832031e+01
2.468026733398437500e+01
1.614121627807617188e+01
1.736978721618652344e+01
1.401704978942871094e+01
4.365134048461914062e+01
4.574575042724609375e+01
1.677904129028320312e+01
1.245244598388671875e+01
1.338744544982910156e+01
1.490977191925048828e+01
1.668815231323242188e+01
2.076486206054687500e+01
1.273377799987792969e+01
2.429597854614257812e+01
1.480080699920654297e+01
2.489490318298339844e+01
1.787632942199707031e+01
1.397065734863281250e+01
2.025766181945800781e+01
4.449945831298828125e+01
1.339897632598876953e+01
1.327630996704101562e+01
1.722568893432617188e+01
1.850071525573730469e+01
1.787255859375000000e+01
2.284398651123046875e+01
1.435254764556884766e+01
2.438045120239257812e+01
1.787720870971679688e+01
1.322841453552246094e+01
2.017309570312500000e+01
4.199283599853515625e+01
1.449243736267089844e+01
1.399802017211914062e+01
1.641589736938476562e+01
2.736253356933593750e+01
2.599073028564453125e+01
2.007409286499023438e+01
1.325294494628906250e+01
2.107745742797851562e+01
1.617527389526367188e+01
1.391984748840332031e+01
1.660237121582031250e+01
1.841128730773925781e+01
4.154259490966796875e+01
3.787739562988281250e+01
1.740051269531250000e+01
2.534629631042480469e+01
2.038470077514648438e+01
2.837819099426269531e+01
1.366337966918945312e+01
1.580936527252197266e+01
1.941817855834960938e+01
1.585517501831054688e+01
1.722670745849609375e+01
2.103307914733886719e+01
4.371865844726562500e+01
2.473325157165527344e+01
1.574560451507568359e+01
2.177873229980468750e+01
3.239908599853515625e+01
1.417193317413330078e+01
2.031730651855468750e+01
2.760472488403320312e+01
1.521430397033691406e+01
2.187990188598632812e+01
3.163830184936523438e+01
1.419908332824707031e+01
1.321205806732177734e+01
1.917504882812500000e+01
5.609258270263671875e+01
2.578690338134765625e+01
1.561308670043945312e+01
4.525925445556640625e+01
2.214897537231445312e+01
2.781152343750000000e+01
1.739779090881347656e+01
1.330482673645019531e+01
2.463310432434082031e+01
3.052478027343750000e+01
1.297444725036621094e+01
1.950178337097167969e+01
7.009568786621093750e+01
3.121052932739257812e+01
1.501957702636718750e+01
4.016096115112304688e+01
1.843678283691406250e+01
2.117097282409667969e+01
1.718821144104003906e+01
1.911538314819335938e+01
1.320611286163330078e+01
2.174415016174316406e+01
5.156655883789062500e+01
4.554700088500976562e+01
1.919765090942382812e+01
1.501893329620361328e+01
1.518401050567626953e+01
1.336100578308105469e+01
2.164777755737304688e+01
2.101041793823242188e+01
1.867882919311523438e+01
1.931339836120605469e+01
1.317300605773925781e+01
1.976255035400390625e+01
4.782470703125000000e+01
5.075846099853515625e+01
1.992036437988281250e+01
1.259514141082763672e+01
1.678775405883789062e+01
1.307120990753173828e+01
2.004965591430664062e+01
2.304292106628417969e+01
1.326374053955078125e+01
5.096193313598632812e+01
2.000022506713867188e+01
1.250962448120117188e+01
1.661689376831054688e+01
1.299478721618652344e+01
1.995365142822265625e+01
2.406378555297851562e+01
1.743936157226562500e+01
1.915784454345703125e+01
1.791770935058593750e+01
4.830139923095703125e+01
4.958910369873046875e+01
1.972695159912109375e+01
1.253919219970703125e+01
1.559643077850341797e+01
1.293702125549316406e+01
2.060328865051269531e+01
2.487917327880859375e+01
1.702413749694824219e+01
1.854940795898437500e+01
1.339532184600830078e+01
1.749385452270507812e+01
4.903089523315429688e+01
4.682215499877929688e+01
1.370970630645751953e+01
3.018479919433593750e+01
1.567495632171630859e+01
1.922742462158203125e+01
1.254611206054687500e+01
1.461874771118164062e+01
2.535540771484375000e+01
1.346525192260742188e+01
1.705675888061523438e+01
5.077007675170898438e+01
4.445955657958984375e+01
1.370721435546875000e+01
3.034156990051269531e+01
1.560803890228271484e+01
1.889930915832519531e+01
1.252973937988281250e+01
1.367934226989746094e+01
1.286341190338134766e+01
2.576897430419921875e+01
1.358447742462158203e+01
1.685365295410156250e+01
5.170971679687500000e+01
4.213746643066406250e+01
1.370690250396728516e+01
3.067265510559082031e+01
1.614611625671386719e+01
1.252103614807128906e+01
1.311941528320312500e+01
1.313895511627197266e+01
2.572262382507324219e+01
1.364813613891601562e+01
1.651278114318847656e+01
5.224003601074218750e+01
3.925223922729492188e+01
1.370707416534423828e+01
3.109667587280273438e+01
1.623401260375976562e+01
1.268150711059570312e+01
1.263722419738769531e+01
1.372126293182373047e+01
2.425116157531738281e+01
2.565412902832031250e+01
1.369865989685058594e+01
1.599145603179931641e+01
2.416562461853027344e+01
5.228170013427734375e+01
3.557970428466796875e+01
1.373388862609863281e+01
3.150485229492187500e+01
1.688924407958984375e+01
1.303384017944335938e+01
1.233484649658203125e+01
2.539290237426757812e+01
1.373115158081054688e+01
1.539499473571777344e+01
2.334677124023437500e+01
5.228512573242187500e+01
3.206692123413085938e+01
1.376663780212402344e+01
3.221673965454101562e+01
1.755190658569335938e+01
1.362061786651611328e+01
1.203880310058593750e+01
1.568020439147949219e+01
2.621672821044921875e+01
2.496435165405273438e+01
1.370026206970214844e+01
1.497947311401367188e+01
2.242090988159179688e+01
5.316662597656250000e+01
2.930751037597656250e+01
1.383228683471679688e+01
3.287121963500976562e+01
1.801634216308593750e+01
1.458581161499023438e+01
1.190288734436035156e+01
2.511177062988281250e+01
1.372438240051269531e+01
1.470048236846923828e+01
2.717450332641601562e+01
1.408859825134277344e+01
3.331253814697265625e+01
1.839592933654785156e+01
1.543311405181884766e+01
1.230764389038085938e+01
1.774650955200195312e+01
2.485267257690429688e+01
1.391670799255371094e+01
3.132734680175781250e+01
1.380633163452148438e+01
1.462366580963134766e+01
2.027480888366699219e+01
2.503607559204101562e+01
1.452157115936279297e+01
3.333895492553710938e+01
1.833251571655273438e+01
1.621419525146484375e+01
1.821161651611328125e+01
2.432744979858398438e+01
1.348565769195556641e+01
2.750269889831542969e+01
1.354971122741699219e+01
1.441919708251953125e+01
1.965850067138671875e+01
5.220713806152343750e+01
2.306499481201171875e+01
1.578829383850097656e+01
3.205051422119140625e+01
1.739725685119628906e+01
1.702896690368652344e+01
1.772709655761718750e+01
2.392714881896972656e+01
1.319109439849853516e+01
2.304674148559570312e+01
1.332013607025146484e+01
1.403955936431884766e+01
1.884551239013671875e+01
5.052174377441406250e+01
2.172689437866210938e+01
1.717448043823242188e+01
1.743246650695800781e+01
1.727366065979003906e+01
1.632099533081054688e+01
2.281523704528808594e+01
1.329840946197509766e+01
1.373781776428222656e+01
1.841507530212402344e+01
2.169522094726562500e+01
1.815346527099609375e+01
1.620314788818359375e+01
1.729682159423828125e+01
1.372667407989501953e+01
2.588469696044921875e+01
2.176462554931640625e+01
1.462063312530517578e+01
2.052056503295898438e+01
2.254987907409667969e+01
1.343987369537353516e+01
1.341656017303466797e+01
1.805148696899414062e+01
4.676610565185546875e+01
2.424525260925292969e+01
1.863251876831054688e+01
1.598993492126464844e+01
1.334178352355957031e+01
1.704941940307617188e+01
1.286528968811035156e+01
2.534319877624511719e+01
2.068512344360351562e+01
1.716712188720703125e+01
2.154416465759277344e+01
1.344502162933349609e+01
1.801746177673339844e+01
4.566452026367187500e+01
2.891320228576660156e+01
1.832601356506347656e+01
1.557036304473876953e+01
1.404978942871093750e+01
1.650052642822265625e+01
1.279499340057373047e+01
1.992706489562988281e+01
2.096685409545898438e+01
1.906710243225097656e+01
1.347084236145019531e+01
1.826431655883789062e+01
4.507671737670898438e+01
3.596295928955078125e+01
1.770898818969726562e+01
1.605026626586914062e+01
1.600004005432128906e+01
1.300455665588378906e+01
2.281651687622070312e+01
1.945333480834960938e+01
1.308723640441894531e+01
1.410009670257568359e+01
1.884137916564941406e+01
4.444865036010742188e+01
4.096404266357421875e+01
1.746358871459960938e+01
1.589648246765136719e+01
1.571913623809814453e+01
1.569223308563232422e+01
1.789962005615234375e+01
1.366019630432128906e+01
2.197115135192871094e+01
1.931684875488281250e+01
1.303930950164794922e+01
1.475027751922607422e+01
1.899331474304199219e+01
4.341426849365234375e+01
4.388053131103515625e+01
1.740331459045410156e+01
1.590774059295654297e+01
1.618706321716308594e+01
1.561613655090332031e+01
1.807880020141601562e+01
1.943534088134765625e+01
1.294253921508789062e+01
1.620772552490234375e+01
4.366028976440429688e+01
4.620544433593750000e+01
1.745297622680664062e+01
1.488103961944580078e+01
1.677189826965332031e+01
1.542290496826171875e+01
1.806973648071289062e+01
1.418437385559082031e+01
2.135048675537109375e+01
1.988662338256835938e+01
1.291201782226562500e+01
4.746639251708984375e+01
1.683518409729003906e+01
1.553727245330810547e+01
1.808391571044921875e+01
1.436926078796386719e+01
2.117049407958984375e+01
1.947321128845214844e+01
3.005653762817382812e+01
1.679828643798828125e+01
1.288212394714355469e+01
4.816056060791015625e+01
1.727825927734375000e+01
1.547884368896484375e+01
1.844681167602539062e+01
1.468963432312011719e+01
2.085655784606933594e+01
1.916938400268554688e+01
3.044943809509277344e+01
1.680570793151855469e+01
1.813542747497558594e+01
4.955492019653320312e+01
1.731781387329101562e+01
1.544644355773925781e+01
1.831371688842773438e+01
1.489687728881835938e+01
2.041156005859375000e+01
1.846953964233398438e+01
2.785074806213378906e+01
1.683435058593750000e+01
2.437098693847656250e+01
5.682796859741210938e+01
1.770512771606445312e+01
1.505030059814453125e+01
1.834779357910156250e+01
1.468342304229736328e+01
2.180158805847167969e+01
1.945837974548339844e+01
3.197178840637207031e+01
1.614789199829101562e+01
1.886798858642578125e+01
4.322624969482421875e+01
1.758550834655761719e+01
1.616591835021972656e+01
1.524493122100830078e+01
2.159862899780273438e+01
2.517432785034179688e+01
2.816868209838867188e+01
1.587661361694335938e+01
1.337683010101318359e+01
1.743352508544921875e+01
4.860445404052734375e+01
1.765602111816406250e+01
1.560465812683105469e+01
1.989542388916015625e+01
1.470954132080078125e+01
2.013971328735351562e+01
1.932707405090332031e+01
1.636729812622070312e+01
4.233198547363281250e+01
1.320756435394287109e+01
2.567918777465820312e+01
1.796686935424804688e+01
1.274863815307617188e+01
1.702768135070800781e+01
1.985094070434570312e+01
2.372702407836914062e+01
2.421338081359863281e+01
1.304406547546386719e+01
2.341726303100585938e+01
1.286289691925048828e+01
1.581732940673828125e+01
1.403749847412109375e+01
1.825561141967773438e+01
4.928316497802734375e+01
2.230944442749023438e+01
1.839261627197265625e+01
1.288812541961669922e+01
1.804313087463378906e+01
2.293810272216796875e+01
1.294232273101806641e+01
2.266268348693847656e+01
1.252511787414550781e+01
1.537679386138916016e+01
1.407960700988769531e+01
1.818277168273925781e+01
4.907095336914062500e+01
2.126914024353027344e+01
1.870108604431152344e+01
1.293326759338378906e+01
1.810603523254394531e+01
2.025922203063964844e+01
2.628110313415527344e+01
2.283629608154296875e+01
1.477031230926513672e+01
1.407857131958007812e+01
1.795090293884277344e+01
4.836897277832031250e+01
2.007786178588867188e+01
1.916687774658203125e+01
1.307730865478515625e+01
1.775556564331054688e+01
2.008670616149902344e+01
2.453422546386718750e+01
2.261941337585449219e+01
