1.315608825683593750e+02
1.388079223632812500e+02
9.313739776611328125e+01
9.259893035888671875e+01
1.039967575073242188e+02
8.939057922363281250e+01
1.258624725341796875e+02
9.078975677490234375e+01
6.613645172119140625e+01
9.340617370605468750e+01
1.101993865966796875e+02
6.852926635742187500e+01
9.278323364257812500e+01
5.572354888916015625e+01
6.069195175170898438e+01
1.635749664306640625e+02
1.230706024169921875e+02
8.731463623046875000e+01
5.369756317138671875e+01
5.590995025634765625e+01
9.365688323974609375e+01
5.444301223754882812e+01
8.234489440917968750e+01
5.118971252441406250e+01
5.205919265747070312e+01
1.007574844360351562e+02
6.479717254638671875e+01
1.298386688232421875e+02
4.783153915405273438e+01
5.126137924194335938e+01
7.858879089355468750e+01
5.601479339599609375e+01
8.090396881103515625e+01
5.071870803833007812e+01
5.213449859619140625e+01
7.578633117675781250e+01
4.957057189941406250e+01
6.875404357910156250e+01
4.479735565185546875e+01
5.137670898437500000e+01
7.207044219970703125e+01
4.635519790649414062e+01
7.044522094726562500e+01
4.290792846679687500e+01
5.519877624511718750e+01
6.554813385009765625e+01
4.413212585449218750e+01
7.316981506347656250e+01
4.191242599487304688e+01
5.751240921020507812e+01
6.158676910400390625e+01
4.354151153564453125e+01
6.812857055664062500e+01
4.091511917114257812e+01
5.972135162353515625e+01
6.145388793945312500e+01
6.178322219848632812e+01
5.763810729980468750e+01
3.882908248901367188e+01
5.847158813476562500e+01
6.112748718261718750e+01
6.239092254638671875e+01
5.592068481445312500e+01
3.782018280029296875e+01
5.674546813964843750e+01
6.299666595458984375e+01
5.856812286376953125e+01
5.638050842285156250e+01
3.726882171630859375e+01
5.125371170043945312e+01
6.417105102539062500e+01
4.636521911621093750e+01
5.811501693725585938e+01
3.713518524169921875e+01
4.770573043823242188e+01
6.588590240478515625e+01
4.362402725219726562e+01
5.823635482788085938e+01
3.705993652343750000e+01
4.563435745239257812e+01
6.827683258056640625e+01
4.968811798095703125e+01
5.567084503173828125e+01
3.674449157714843750e+01
4.372330474853515625e+01
7.249880981445312500e+01
5.407522964477539062e+01
4.999252319335937500e+01
3.618108367919921875e+01
4.290898513793945312e+01
7.610923004150390625e+01
5.312036895751953125e+01
4.425191497802734375e+01
3.530870056152343750e+01
4.059063720703125000e+01
7.801699066162109375e+01
4.961552047729492188e+01
4.330661392211914062e+01
3.461402893066406250e+01
3.911154556274414062e+01
7.989373016357421875e+01
6.103535842895507812e+01
8.744966125488281250e+01
8.732116699218750000e+01
3.839570236206054688e+01
5.920629882812500000e+01
8.420905303955078125e+01
8.603687286376953125e+01
3.815964889526367188e+01
5.635060501098632812e+01
8.095501708984375000e+01
8.585763549804687500e+01
3.802376174926757812e+01
5.460038375854492188e+01
7.865711975097656250e+01
8.420906066894531250e+01
3.802336120605468750e+01
5.222101211547851562e+01
7.571336364746093750e+01
8.313189697265625000e+01
3.844234466552734375e+01
5.112673187255859375e+01
7.291098785400390625e+01
7.970201873779296875e+01
3.811349868774414062e+01
5.035518264770507812e+01
7.039559936523437500e+01
7.685085296630859375e+01
3.856981277465820312e+01
5.023867416381835938e+01
6.709004974365234375e+01
7.158901977539062500e+01
3.813084793090820312e+01
4.981184768676757812e+01
6.359645843505859375e+01
7.057578277587890625e+01
3.741257476806640625e+01
4.963610839843750000e+01
5.944124984741210938e+01
6.571875000000000000e+01
3.732212066650390625e+01
4.876501846313476562e+01
5.498556518554687500e+01
5.796884918212890625e+01
3.572542572021484375e+01
4.734249114990234375e+01
5.138227081298828125e+01
5.528429412841796875e+01
3.635626602172851562e+01
4.574883270263671875e+01
4.788236618041992188e+01
5.106604385375976562e+01
3.495941162109375000e+01
4.525160598754882812e+01
4.590074157714843750e+01
4.420324325561523438e+01
3.399241638183593750e+01
4.413368988037109375e+01
4.509050369262695312e+01
4.084239578247070312e+01
3.752980041503906250e+01
4.399129867553710938e+01
4.323201370239257812e+01
3.633221817016601562e+01
3.459607696533203125e+01
4.079792404174804688e+01
4.198243331909179688e+01
4.114155197143554688e+01
3.299742507934570312e+01
4.104866790771484375e+01
4.389342117309570312e+01
5.241398239135742188e+01
3.743110275268554688e+01
5.112659835815429688e+01
3.643217468261718750e+01
4.566662979125976562e+01
2.997914314270019531e+01
4.696363067626953125e+01
5.083203887939453125e+01
3.828442764282226562e+01
3.038196563720703125e+01
4.641826629638671875e+01
5.384179306030273438e+01
3.708082962036132812e+01
3.293681716918945312e+01
4.945326232910156250e+01
5.638067245483398438e+01
5.186838531494140625e+01
3.281065750122070312e+01
4.959725570678710938e+01
6.198161697387695312e+01
4.650321960449218750e+01
3.393689727783203125e+01
5.274290847778320312e+01
5.011969757080078125e+01
5.150051116943359375e+01
3.972084045410156250e+01
4.151723480224609375e+01
7.760298156738281250e+01
5.459458160400390625e+01
3.487917327880859375e+01
3.967277908325195312e+01
8.128780364990234375e+01
7.362165832519531250e+01
5.672670364379882812e+01
3.680130004882812500e+01
7.559338378906250000e+01
3.585785675048828125e+01
3.387924194335937500e+01
4.134589004516601562e+01
6.692232513427734375e+01
4.806555557250976562e+01
4.696128082275390625e+01
3.656690597534179688e+01
5.756256103515625000e+01
4.977233505249023438e+01
5.285397338867187500e+01
3.651986312866210938e+01
4.889929580688476562e+01
4.112520599365234375e+01
5.321291732788085938e+01
3.840249252319335938e+01
4.638340759277343750e+01
4.448073196411132812e+01
5.338827896118164062e+01
3.904062271118164062e+01
5.093509674072265625e+01
4.515997314453125000e+01
4.934230422973632812e+01
3.936093521118164062e+01
5.213484954833984375e+01
4.736708831787109375e+01
3.694726943969726562e+01
3.871013259887695312e+01
5.623075485229492188e+01
3.987220001220703125e+01
3.969463348388671875e+01
3.827864074707031250e+01
5.307679748535156250e+01
3.587345123291015625e+01
3.475058364868164062e+01
3.684900665283203125e+01
3.482623672485351562e+01
3.254097366333007812e+01
6.496495056152343750e+01
3.411571502685546875e+01
3.543949890136718750e+01
4.097227859497070312e+01
5.541711425781250000e+01
4.849955749511718750e+01
3.716733551025390625e+01
3.556053543090820312e+01
3.470195770263671875e+01
4.206581878662109375e+01
3.388270950317382812e+01
3.571853637695312500e+01
3.607706832885742188e+01
4.398944473266601562e+01
3.523952102661132812e+01
4.719582748413085938e+01
3.294826126098632812e+01
5.703780746459960938e+01
3.488559341430664062e+01
3.534466171264648438e+01
3.125314140319824219e+01
4.753963088989257812e+01
5.243852615356445312e+01
6.039584732055664062e+01
3.150911903381347656e+01
4.815169525146484375e+01
5.309186172485351562e+01
5.682442092895507812e+01
3.858178710937500000e+01
4.257426452636718750e+01
4.095211410522460938e+01
4.057012939453125000e+01
4.537638092041015625e+01
3.892244720458984375e+01
3.571893692016601562e+01
4.086863708496093750e+01
4.316881561279296875e+01
3.968218612670898438e+01
3.115124130249023438e+01
3.911207199096679688e+01
5.896352386474609375e+01
4.122236251831054688e+01
3.121353721618652344e+01
5.237664413452148438e+01
3.369550704956054688e+01
4.507621383666992188e+01
3.048590087890625000e+01
4.762385559082031250e+01
4.771654129028320312e+01
4.060204315185546875e+01
3.741736602783203125e+01
5.922566223144531250e+01
5.948006820678710938e+01
4.045590209960937500e+01
2.737707710266113281e+01
4.797356796264648438e+01
3.089887237548828125e+01
3.926024246215820312e+01
2.944059753417968750e+01
8.196911621093750000e+01
2.863286018371582031e+01
3.803075408935546875e+01
2.972326850891113281e+01
6.133356475830078125e+01
3.642261123657226562e+01
3.064925193786621094e+01
3.915167236328125000e+01
5.012024307250976562e+01
3.169285964965820312e+01
2.633350563049316406e+01
4.914179611206054688e+01
5.328180694580078125e+01
3.103146171569824219e+01
2.767086601257324219e+01
4.244622421264648438e+01
3.766793441772460938e+01
3.097628021240234375e+01
3.327492141723632812e+01
3.317949295043945312e+01
4.023166275024414062e+01
3.036140251159667969e+01
3.764519500732421875e+01
3.112334060668945312e+01
4.369068527221679688e+01
2.902038764953613281e+01
3.707065582275390625e+01
3.282566833496093750e+01
4.630411529541015625e+01
2.909399986267089844e+01
3.631956863403320312e+01
3.521780014038085938e+01
4.878074264526367188e+01
2.868865013122558594e+01
3.617902755737304688e+01
3.965650558471679688e+01
5.048743820190429688e+01
2.884118652343750000e+01
3.567437362670898438e+01
4.409293365478515625e+01
5.521814346313476562e+01
3.286423492431640625e+01
3.564029693603515625e+01
4.873381042480468750e+01
6.372856140136718750e+01
3.833161544799804688e+01
3.422346496582031250e+01
5.390501785278320312e+01
7.780517578125000000e+01
4.500970458984375000e+01
3.364247512817382812e+01
5.482117462158203125e+01
9.525796508789062500e+01
5.341321945190429688e+01
3.209638214111328125e+01
5.411782455444335938e+01
1.103436203002929688e+02
5.438049697875976562e+01
3.146954727172851562e+01
5.815143966674804688e+01
1.159730377197265625e+02
3.975490570068359375e+01
3.490667724609375000e+01
5.380087661743164062e+01
1.140675888061523438e+02
3.044768333435058594e+01
6.837537384033203125e+01
4.948605728149414062e+01
9.930266571044921875e+01
2.587957763671875000e+01
8.629508972167968750e+01
4.373795318603515625e+01
7.962869262695312500e+01
2.387805175781250000e+01
8.791195678710937500e+01
3.743737411499023438e+01
5.944204711914062500e+01
3.215487670898437500e+01
8.200156402587890625e+01
3.574456024169921875e+01
4.442564010620117188e+01
3.864348983764648438e+01
7.971531677246093750e+01
3.477114868164062500e+01
3.413552474975585938e+01
4.423418426513671875e+01
7.838422393798828125e+01
3.505219650268554688e+01
2.937890052795410156e+01
4.849116516113281250e+01
7.860331726074218750e+01
3.799450302124023438e+01
2.879619598388671875e+01
5.323052597045898438e+01
7.635444641113281250e+01
4.259500885009765625e+01
2.931906890869140625e+01
5.993147277832031250e+01
7.179853057861328125e+01
4.665089035034179688e+01
3.026318359375000000e+01
6.720410919189453125e+01
6.625661468505859375e+01
5.028054046630859375e+01
3.143222999572753906e+01
7.545015716552734375e+01
5.791946792602539062e+01
5.236343002319335938e+01
3.250793075561523438e+01
8.077545166015625000e+01
5.074948883056640625e+01
5.986925506591796875e+01
3.562461090087890625e+01
8.258718872070312500e+01
2.933058929443359375e+01
6.300804901123046875e+01
3.974628067016601562e+01
8.031284332275390625e+01
2.526922225952148438e+01
6.247564315795898438e+01
4.164350891113281250e+01
8.247925567626953125e+01
2.543324851989746094e+01
6.256027603149414062e+01
4.416265869140625000e+01
8.049132537841796875e+01
2.491312217712402344e+01
6.229633331298828125e+01
4.778125381469726562e+01
7.643051147460937500e+01
2.551535034179687500e+01
6.317147445678710938e+01
5.133652114868164062e+01
7.202827453613281250e+01
2.671967315673828125e+01
6.500144195556640625e+01
5.871284484863281250e+01
6.678498077392578125e+01
2.820797348022460938e+01
6.687380981445312500e+01
6.481515502929687500e+01
6.044947433471679688e+01
2.892514038085937500e+01
6.734641265869140625e+01
6.663665771484375000e+01
5.464347839355468750e+01
2.968899726867675781e+01
6.737822723388671875e+01
6.435240936279296875e+01
4.866240310668945312e+01
3.193394088745117188e+01
6.740926361083984375e+01
6.599583435058593750e+01
4.779771423339843750e+01
3.674620437622070312e+01
6.618526458740234375e+01
7.165001678466796875e+01
4.904095458984375000e+01
4.034471893310546875e+01
6.484710693359375000e+01
7.719005584716796875e+01
5.163162612915039062e+01
4.343022155761718750e+01
6.190798950195312500e+01
7.542112731933593750e+01
5.549653625488281250e+01
5.309742736816406250e+01
6.040914916992187500e+01
7.382102966308593750e+01
6.036690139770507812e+01
6.358671951293945312e+01
5.746376800537109375e+01
7.104471588134765625e+01
6.573698425292968750e+01
7.836136627197265625e+01
5.484356689453125000e+01
6.748536682128906250e+01
7.324899291992187500e+01
8.334671020507812500e+01
4.865361404418945312e+01
5.897791290283203125e+01
7.760134887695312500e+01
8.202067565917968750e+01
4.303639602661132812e+01
4.783333206176757812e+01
7.841449737548828125e+01
7.851756286621093750e+01
4.050999832153320312e+01
3.772739791870117188e+01
7.989748382568359375e+01
7.553787994384765625e+01
3.904111099243164062e+01
3.014846038818359375e+01
7.876828002929687500e+01
7.269287872314453125e+01
3.733685684204101562e+01
2.839359092712402344e+01
7.994750213623046875e+01
6.995147705078125000e+01
3.110796165466308594e+01
2.924063110351562500e+01
8.075937652587890625e+01
6.565138244628906250e+01
3.504887771606445312e+01
2.782057762145996094e+01
7.611270904541015625e+01
6.121056365966796875e+01
4.817663574218750000e+01
3.241662216186523438e+01
6.556984710693359375e+01
5.525297546386718750e+01
5.393735504150390625e+01
3.845981979370117188e+01
5.410245513916015625e+01
5.166857528686523438e+01
5.093824386596679688e+01
3.832586669921875000e+01
4.382183837890625000e+01
4.736970520019531250e+01
4.516458511352539062e+01
3.457534027099609375e+01
3.687549209594726562e+01
4.237891006469726562e+01
4.058331680297851562e+01
3.194562530517578125e+01
3.299132919311523438e+01
3.728844451904296875e+01
3.821440124511718750e+01
3.282003784179687500e+01
3.213572311401367188e+01
3.499584197998046875e+01
3.501768112182617188e+01
3.354930114746093750e+01
3.238309478759765625e+01
3.397512054443359375e+01
3.373890304565429688e+01
3.368355941772460938e+01
3.357580566406250000e+01
3.309362030029296875e+01
3.441267395019531250e+01
3.339824676513671875e+01
3.628771972656250000e+01
3.376859283447265625e+01
3.699317169189453125e+01
3.409814834594726562e+01
4.163719177246093750e+01
3.455960464477539062e+01
4.213620376586914062e+01
3.399475860595703125e+01
4.762372207641601562e+01
3.554063034057617188e+01
5.106008148193359375e+01
3.480903244018554688e+01
5.474527740478515625e+01
3.786198806762695312e+01
5.924572753906250000e+01
3.918667602539062500e+01
6.105695343017578125e+01
4.324205398559570312e+01
6.464519500732421875e+01
4.417721939086914062e+01
6.480468750000000000e+01
4.773294448852539062e+01
6.589778137207031250e+01
4.561038589477539062e+01
6.458081817626953125e+01
4.996577835083007812e+01
6.395908355712890625e+01
3.696060943603515625e+01
5.998604965209960938e+01
5.093603515625000000e+01
6.047109222412109375e+01
2.976161766052246094e+01
5.493046188354492188e+01
5.910686874389648438e+01
5.656940460205078125e+01
3.638729476928710938e+01
4.969363784790039062e+01
6.941931152343750000e+01
5.093367004394531250e+01
4.987300109863281250e+01
4.579247665405273438e+01
7.461881256103515625e+01
4.413555145263671875e+01
6.512481689453125000e+01
4.071713256835937500e+01
7.592098999023437500e+01
3.874176025390625000e+01
6.107667922973632812e+01
3.432920074462890625e+01
6.959953308105468750e+01
3.684206008911132812e+01
5.030150222778320312e+01
3.400770568847656250e+01
6.218478393554687500e+01
3.689018630981445312e+01
3.947861480712890625e+01
3.454462432861328125e+01
5.384284210205078125e+01
3.718211746215820312e+01
3.608677291870117188e+01
3.088685417175292969e+01
4.549119186401367188e+01
3.799106597900390625e+01
3.890466308593750000e+01
3.004899787902832031e+01
3.943230056762695312e+01
3.832019805908203125e+01
4.355318450927734375e+01
3.160507583618164062e+01
3.499202728271484375e+01
3.926280212402343750e+01
5.012998199462890625e+01
3.489895248413085938e+01
3.214381408691406250e+01
4.215656280517578125e+01
5.704989242553710938e+01
4.322507476806640625e+01
