5.868548154830932617e-01
6.947371959686279297e-01
3.968784213066101074e-01
9.722075462341308594e-01
3.877002000808715820e-01
3.201977610588073730e-01
6.499967575073242188e-01
3.348693251609802246e-01
6.072829961776733398e-01
3.808712363243103027e-01
5.070348978042602539e-01
2.775295972824096680e-01
3.778608739376068115e-01
3.779661357402801514e-01
2.571709454059600830e-01
9.996033310890197754e-01
4.754622280597686768e-01
3.417095243930816650e-01
3.851532042026519775e-01
2.857676744461059570e-01
4.742352664470672607e-01
2.916353940963745117e-01
3.178042471408843994e-01
2.622174620628356934e-01
3.153103291988372803e-01
5.326758623123168945e-01
6.605016589164733887e-01
7.696799635887145996e-01
3.254031240940093994e-01
2.481366246938705444e-01
3.680090308189392090e-01
5.387121438980102539e-01
3.853967785835266113e-01
4.358066320419311523e-01
2.261638343334197998e-01
3.862819373607635498e-01
4.337792396545410156e-01
2.976757287979125977e-01
3.420342803001403809e-01
2.257139384746551514e-01
3.881173133850097656e-01
3.701910972595214844e-01
2.721210718154907227e-01
2.923239171504974365e-01
2.275354862213134766e-01
3.471019864082336426e-01
3.438687026500701904e-01
2.852544784545898438e-01
2.550013661384582520e-01
2.305835485458374023e-01
3.290073871612548828e-01
2.455072849988937378e-01
2.645827233791351318e-01
2.373651564121246338e-01
2.277001738548278809e-01
3.233864605426788330e-01
2.309132665395736694e-01
2.193346023559570312e-01
2.283643484115600586e-01
2.214243263006210327e-01
3.242786824703216553e-01
2.274556159973144531e-01
2.095863819122314453e-01
2.131770551204681396e-01
2.143229395151138306e-01
3.380750417709350586e-01
2.110033333301544189e-01
2.081478387117385864e-01
2.085524499416351318e-01
2.030719816684722900e-01
3.501351475715637207e-01
2.154468595981597900e-01
2.166300415992736816e-01
2.073056399822235107e-01
2.107500284910202026e-01
3.625817298889160156e-01
3.710498213768005371e-01
2.203702926635742188e-01
2.054351866245269775e-01
2.188063263893127441e-01
3.812060952186584473e-01
4.677759408950805664e-01
2.158529460430145264e-01
2.027294486761093140e-01
2.248185425996780396e-01
4.172371029853820801e-01
5.134199857711791992e-01
1.951759457588195801e-01
1.974422186613082886e-01
2.276711463928222656e-01
4.466541707515716553e-01
4.976905882358551025e-01
1.773131489753723145e-01
1.958135664463043213e-01
2.436214685440063477e-01
4.660495519638061523e-01
4.445992410182952881e-01
1.708691120147705078e-01
1.966110169887542725e-01
2.530840337276458740e-01
4.809324145317077637e-01
2.848856747150421143e-01
5.395717024803161621e-01
4.853808879852294922e-01
2.555486261844635010e-01
2.687268257141113281e-01
5.172463059425354004e-01
4.764263629913330078e-01
2.600094079971313477e-01
2.469178587198257446e-01
4.964239001274108887e-01
4.784313142299652100e-01
2.652583420276641846e-01
2.403081953525543213e-01
4.795846343040466309e-01
4.722083806991577148e-01
2.693637013435363770e-01
2.298649400472640991e-01
4.612783193588256836e-01
4.669424593448638916e-01
2.739009261131286621e-01
2.247233986854553223e-01
4.429775774478912354e-01
4.478682875633239746e-01
2.728751003742218018e-01
2.206944972276687622e-01
4.239483177661895752e-01
4.313356876373291016e-01
2.788920998573303223e-01
2.192035019397735596e-01
3.976172208786010742e-01
3.994006514549255371e-01
2.697743475437164307e-01
2.220874279737472534e-01
3.678991794586181641e-01
3.960891067981719971e-01
2.628229856491088867e-01
2.258004844188690186e-01
3.319163322448730469e-01
3.668976128101348877e-01
2.604734301567077637e-01
2.226068675518035889e-01
2.915863394737243652e-01
3.181639909744262695e-01
2.336789071559906006e-01
2.202185988426208496e-01
2.596517801284790039e-01
3.046137690544128418e-01
2.343409657478332520e-01
2.137636393308639526e-01
2.294941246509552002e-01
2.785571813583374023e-01
2.096604704856872559e-01
2.155350297689437866e-01
2.167780101299285889e-01
2.277475595474243164e-01
1.942198574542999268e-01
2.073131948709487915e-01
2.125975936651229858e-01
2.151512503623962402e-01
2.885638475418090820e-01
2.016191184520721436e-01
2.020568549633026123e-01
1.832766234874725342e-01
1.887239813804626465e-01
1.791328191757202148e-01
1.897512376308441162e-01
2.593288719654083252e-01
1.529817432165145874e-01
1.807486265897750854e-01
2.015345990657806396e-01
3.540010154247283936e-01
3.150508999824523926e-01
2.512676119804382324e-01
1.333746612071990967e-01
2.877269387245178223e-01
1.737655997276306152e-01
2.170893549919128418e-01
2.682432532310485840e-01
2.374783158302307129e-01
1.745068132877349854e-01
2.102631181478500366e-01
2.972127199172973633e-01
2.603082656860351562e-01
1.357736438512802124e-01
2.189396321773529053e-01
3.295886218547821045e-01
3.328287005424499512e-01
1.245796084403991699e-01
2.374533712863922119e-01
3.876686692237854004e-01
3.036078810691833496e-01
1.222713887691497803e-01
2.675457000732421875e-01
2.774453163146972656e-01
3.328707814216613770e-01
1.333312392234802246e-01
1.586265563964843750e-01
5.067688822746276855e-01
2.968323230743408203e-01
2.191864848136901855e-01
1.502551138401031494e-01
5.380333662033081055e-01
3.434198796749114990e-01
2.482965886592864990e-01
1.401638984680175781e-01
4.875288009643554688e-01
1.809128224849700928e-01
1.379810869693756104e-01
1.565180420875549316e-01
4.063529372215270996e-01
2.936934828758239746e-01
2.061934620141983032e-01
1.371835172176361084e-01
3.275077044963836670e-01
3.118608593940734863e-01
2.498167008161544800e-01
1.363451629877090454e-01
2.505847215652465820e-01
2.475819587707519531e-01
2.527923285961151123e-01
1.311185657978057861e-01
2.326326668262481689e-01
2.784551978111267090e-01
2.522390782833099365e-01
1.313951909542083740e-01
2.759549915790557861e-01
2.868030071258544922e-01
2.164706587791442871e-01
1.311578601598739624e-01
2.871869206428527832e-01
3.109768629074096680e-01
1.283886432647705078e-01
1.306423544883728027e-01
3.329611122608184814e-01
2.494343817234039307e-01
1.383527219295501709e-01
1.296374946832656860e-01
3.108744025230407715e-01
1.583845913410186768e-01
1.317646801471710205e-01
1.428088545799255371e-01
1.347991377115249634e-01
1.889031529426574707e-01
3.724102377891540527e-01
1.568061709403991699e-01
1.514570862054824829e-01
2.295505702495574951e-01
3.251029849052429199e-01
1.936831772327423096e-01
1.897891759872436523e-01
1.560488045215606689e-01
1.197107359766960144e-01
1.444469392299652100e-01
1.902323216199874878e-01
1.428643912076950073e-01
1.279151737689971924e-01
1.518657803535461426e-01
2.105049192905426025e-01
1.697013229131698608e-01
1.728572249412536621e-01
2.778016030788421631e-01
1.220235228538513184e-01
1.328892409801483154e-01
1.288331001996994019e-01
1.982676386833190918e-01
2.517215609550476074e-01
2.443830668926239014e-01
1.301363110542297363e-01
2.305242717266082764e-01
2.557054460048675537e-01
2.635952830314636230e-01
1.370058357715606689e-01
1.895121186971664429e-01
1.501311361789703369e-01
1.433164328336715698e-01
1.925380080938339233e-01
1.657703518867492676e-01
1.147717833518981934e-01
1.524047702550888062e-01
1.764061301946640015e-01
1.785002797842025757e-01
1.343803405761718750e-01
1.398826241493225098e-01
3.115025758743286133e-01
1.864309310913085938e-01
1.945031434297561646e-01
2.905474901199340820e-01
1.430730223655700684e-01
2.446477413177490234e-01
1.601945459842681885e-01
1.789899617433547974e-01
2.526640295982360840e-01
2.026464939117431641e-01
1.608285754919052124e-01
2.726397216320037842e-01
3.388066291809082031e-01
2.072239220142364502e-01
1.338929533958435059e-01
1.577146351337432861e-01
1.710372716188430786e-01
2.042477577924728394e-01
1.104890480637550354e-01
4.554229080677032471e-01
1.394178569316864014e-01
2.027641534805297852e-01
1.184263080358505249e-01
2.661002874374389648e-01
1.378931999206542969e-01
1.645174324512481689e-01
2.241219580173492432e-01
2.276355922222137451e-01
1.825039684772491455e-01
1.486384272575378418e-01
3.078432679176330566e-01
2.262783199548721313e-01
1.683882623910903931e-01
1.313634365797042847e-01
2.358479797840118408e-01
1.387203931808471680e-01
1.825395822525024414e-01
1.297031342983245850e-01
1.805826723575592041e-01
1.676467508077621460e-01
1.741646379232406616e-01
1.496567726135253906e-01
1.604835689067840576e-01
1.445295661687850952e-01
1.699725091457366943e-01
1.496436893939971924e-01
1.586923599243164062e-01
1.502281725406646729e-01
1.663111299276351929e-01
1.475306451320648193e-01
1.702854335308074951e-01
1.612651050090789795e-01
1.600503623485565186e-01
1.464839875698089600e-01
1.954573839902877808e-01
1.698407828807830811e-01
1.634213179349899292e-01
1.434652805328369141e-01
2.171539366245269775e-01
2.177803814411163330e-01
2.104317545890808105e-01
1.433213353157043457e-01
2.526139616966247559e-01
3.051469326019287109e-01
2.637649178504943848e-01
1.379781067371368408e-01
2.771954238414764404e-01
4.342207908630371094e-01
3.284394741058349609e-01
1.371284425258636475e-01
2.721076011657714844e-01
5.694156885147094727e-01
4.174756705760955811e-01
1.329656243324279785e-01
2.449374347925186157e-01
6.772825717926025391e-01
4.799048304557800293e-01
1.511031687259674072e-01
2.389486134052276611e-01
7.062219381332397461e-01
3.478378653526306152e-01
1.815371960401535034e-01
2.149915993213653564e-01
6.997201442718505859e-01
2.542172968387603760e-01
5.150884389877319336e-01
1.499778032302856445e-01
6.183118820190429688e-01
1.700788140296936035e-01
7.093965411186218262e-01
1.244911849498748779e-01
4.964163601398468018e-01
1.302921026945114136e-01
7.213530540466308594e-01
1.262094378471374512e-01
3.568080067634582520e-01
1.391650140285491943e-01
6.779047846794128418e-01
1.707199513912200928e-01
2.358730733394622803e-01
1.728464215993881226e-01
6.662757396697998047e-01
1.687750220298767090e-01
1.453989446163177490e-01
1.903026401996612549e-01
6.647977232933044434e-01
1.401592195034027100e-01
1.269303411245346069e-01
2.147587686777114868e-01
6.730424165725708008e-01
1.351474225521087646e-01
1.282543838024139404e-01
2.472052872180938721e-01
6.642428636550903320e-01
1.376046240329742432e-01
1.372683942317962646e-01
3.013830482959747314e-01
6.388973593711853027e-01
1.464969962835311890e-01
1.467600464820861816e-01
3.589907288551330566e-01
6.035701036453247070e-01
1.588522642850875854e-01
1.492751836776733398e-01
4.212524294853210449e-01
5.124828815460205078e-01
1.794273257255554199e-01
1.417780220508575439e-01
4.662399888038635254e-01
4.465059638023376465e-01
2.444942444562911987e-01
1.268808394670486450e-01
4.826008081436157227e-01
1.995847970247268677e-01
2.978628277778625488e-01
1.281680166721343994e-01
4.721945524215698242e-01
1.300492435693740845e-01
3.145561218261718750e-01
1.399292796850204468e-01
4.893047511577606201e-01
1.272891163825988770e-01
3.262066245079040527e-01
1.623449921607971191e-01
4.772144556045532227e-01
1.332565099000930786e-01
3.220161795616149902e-01
1.968218088150024414e-01
4.475245773792266846e-01
1.609724909067153931e-01
3.242380023002624512e-01
2.308524549007415771e-01
4.198076725006103516e-01
1.648452877998352051e-01
3.307195305824279785e-01
2.928535938262939453e-01
3.881242871284484863e-01
1.629986464977264404e-01
3.474109768867492676e-01
3.480293750762939453e-01
3.464567959308624268e-01
1.668278574943542480e-01
3.483572006225585938e-01
3.550465703010559082e-01
3.020923137664794922e-01
1.770387142896652222e-01
3.438560962677001953e-01
3.297445178031921387e-01
2.590535283088684082e-01
1.581209152936935425e-01
3.431130051612854004e-01
3.321365416049957275e-01
2.490380704402923584e-01
1.377913355827331543e-01
3.466147780418395996e-01
3.679131865501403809e-01
2.578006386756896973e-01
1.420765221118927002e-01
3.465420603752136230e-01
4.071045517921447754e-01
2.731966972351074219e-01
1.493192911148071289e-01
3.237718343734741211e-01
3.887256681919097900e-01
3.001275658607482910e-01
1.967832744121551514e-01
3.140431046485900879e-01
3.759439587593078613e-01
3.426613807678222656e-01
2.486979514360427856e-01
2.846964895725250244e-01
3.460479676723480225e-01
3.899313211441040039e-01
3.651410341262817383e-01
2.551892995834350586e-01
3.126126229763031006e-01
4.417507052421569824e-01
4.043494462966918945e-01
1.936464309692382812e-01
2.478398084640502930e-01
4.580335021018981934e-01
4.038339257240295410e-01
1.417199671268463135e-01
1.834557950496673584e-01
4.505018591880798340e-01
4.020182788372039795e-01
1.282570958137512207e-01
1.286422908306121826e-01
4.570075869560241699e-01
3.889720737934112549e-01
1.228426247835159302e-01
1.177734360098838806e-01
4.488022625446319580e-01
3.637093007564544678e-01
1.210314184427261353e-01
1.293337345123291016e-01
4.507320523262023926e-01
3.376118838787078857e-01
1.193916499614715576e-01
1.385625600814819336e-01
4.574873149394989014e-01
3.000634014606475830e-01
2.144895195960998535e-01
1.444547772407531738e-01
4.321363866329193115e-01
2.643086612224578857e-01
3.503102660179138184e-01
1.851260662078857422e-01
3.716576695442199707e-01
2.070980519056320190e-01
4.124284684658050537e-01
2.409264445304870605e-01
2.767885923385620117e-01
1.691249907016754150e-01
4.056985676288604736e-01
2.631514668464660645e-01
1.764296591281890869e-01
1.393005251884460449e-01
3.504037857055664062e-01
2.315698117017745972e-01
1.320106685161590576e-01
1.159569919109344482e-01
3.075749874114990234e-01
1.870874166488647461e-01
1.290508210659027100e-01
1.133601814508438110e-01
2.742123603820800781e-01
1.955965310335159302e-01
1.345215588808059692e-01
1.220144405961036682e-01
2.172400504350662231e-01
2.113091945648193359e-01
1.348889619112014771e-01
1.225142776966094971e-01
1.647802293300628662e-01
2.004350870847702026e-01
1.297723650932312012e-01
1.242637485265731812e-01
1.272449046373367310e-01
1.762448549270629883e-01
1.251968443393707275e-01
1.330331265926361084e-01
1.318476051092147827e-01
1.753220558166503906e-01
1.431348323822021484e-01
1.527581661939620972e-01
1.609557271003723145e-01
1.577581167221069336e-01
1.844285875558853149e-01
1.729120463132858276e-01
2.216540575027465820e-01
1.359106153249740601e-01
2.551469504833221436e-01
1.960339099168777466e-01
2.919595837593078613e-01
1.312257796525955200e-01
3.168939352035522461e-01
2.377657890319824219e-01
3.388804793357849121e-01
1.668914705514907837e-01
3.508412241935729980e-01
2.707936465740203857e-01
3.534549474716186523e-01
2.044783681631088257e-01
3.502466082572937012e-01
2.819410562515258789e-01
3.382565081119537354e-01
1.472484618425369263e-01
3.156669437885284424e-01
2.648468017578125000e-01
3.071596026420593262e-01
1.376100778579711914e-01
2.783244848251342773e-01
3.100868463516235352e-01
2.676962912082672119e-01
2.372931092977523804e-01
2.314343154430389404e-01
3.876678049564361572e-01
2.110182642936706543e-01
3.826918005943298340e-01
1.883494257926940918e-01
4.234064817428588867e-01
1.424914002418518066e-01
5.336773395538330078e-01
1.489923596382141113e-01
4.190845787525177002e-01
1.232312768697738647e-01
5.239067673683166504e-01
1.363258957862854004e-01
3.700261712074279785e-01
1.378339827060699463e-01
4.153316020965576172e-01
1.801441013813018799e-01
3.128740191459655762e-01
1.637815386056900024e-01
2.693772017955780029e-01
2.131456583738327026e-01
2.471670210361480713e-01
1.771802455186843872e-01
1.706580221652984619e-01
1.748042404651641846e-01
1.772628426551818848e-01
1.644685417413711548e-01
1.545219421386718750e-01
1.421786844730377197e-01
1.461180746555328369e-01
1.394090354442596436e-01
1.682347804307937622e-01
1.187719255685806274e-01
1.387975960969924927e-01
1.241352334618568420e-01
2.066772282123565674e-01
1.093717813491821289e-01
1.389053165912628174e-01
1.197322458028793335e-01
2.606565654277801514e-01
1.602729111909866333e-01
