5.386381916921767044e+01
5.293405532411896530e+01
5.262809316892938227e+01
5.182392144337595852e+01
5.144632479463141550e+01
5.100010766781073812e+01
5.048630463224988318e+01
5.000443248331580293e+01
5.005128290109457367e+01
4.997725617429266975e+01
4.933144590545798280e+01
4.906834468981979569e+01
4.921576608305612410e+01
4.936731149668626983e+01
4.862961385587868079e+01
4.843713197059582853e+01
4.863817525725554702e+01
4.891369381037547726e+01
4.811696040875914804e+01
4.795522848807622296e+01
4.815922448622897889e+01
4.853407273655890464e+01
4.763030946867885973e+01
4.749730857286880337e+01
4.770506794600591860e+01
4.817319480142901256e+01
4.719771365184529799e+01
4.709431841179621614e+01
4.730176151977580190e+01
4.784212134810714190e+01
4.680251863926564937e+01
4.672749781427038585e+01
4.692982870948716112e+01
4.752708399494049019e+01
4.642753549262219792e+01
4.638305261954098313e+01
4.658715541721374365e+01
4.723146771692978518e+01
4.610754826715728427e+01
4.608612456046675732e+01
4.628720833176041083e+01
4.696002268226630605e+01
4.581890753502589320e+01
4.581395497683111984e+01
4.600625411715557078e+01
4.670491505160629941e+01
4.555116864854962699e+01
4.555903436956366903e+01
4.574108425190571836e+01
4.644932146480458357e+01
4.528877601940612863e+01
4.530996978344945347e+01
4.547645942577518952e+01
4.620414645202326653e+01
4.503712227796014389e+01
4.506954499451109797e+01
4.522333345664485904e+01
4.596543472484486159e+01
4.479066279841239862e+01
4.483594450872063675e+01
4.498086182905855424e+01
4.573078941856547885e+01
4.455087475751229675e+01
4.460857775207485787e+01
4.474788349875978355e+01
4.550345331419368478e+01
4.431267913394943747e+01
4.438510035009021237e+01
4.451689605805201921e+01
4.527698960002695827e+01
4.407703125018348089e+01
4.416611350343117692e+01
4.428678566317825016e+01
4.504923024940698184e+01
4.384601897926751235e+01
4.394610140768820372e+01
4.405885171129655475e+01
4.481562806146192202e+01
4.361365578616448602e+01
4.372984630890911006e+01
4.383408153920152728e+01
4.458924966414021895e+01
4.339286840004108825e+01
4.352729930526723479e+01
4.362183922714982032e+01
4.434675855059396099e+01
4.317735871343280252e+01
4.332559671196166562e+01
4.341488541553736269e+01
4.411461258119830120e+01
4.297022861583032238e+01
4.313329174282579714e+01
4.321566324990939023e+01
4.388428467367810271e+01
4.276993746620117776e+01
4.294968064013244913e+01
4.302471489854522702e+01
4.365806007962749646e+01
4.257410222563147784e+01
4.276777855124157668e+01
4.283931943472607173e+01
4.343960848132606145e+01
4.238279842807445164e+01
4.260435093156252151e+01
4.265991901727903723e+01
4.322056811854440639e+01
4.219790320489182278e+01
4.244087507480107035e+01
4.249044002385191021e+01
4.300165950578855245e+01
4.202132530378640496e+01
4.228124052224823970e+01
4.232338219242983257e+01
4.278223998919588666e+01
4.184946167216209290e+01
4.213605669273271559e+01
4.216044379098070749e+01
4.256775055538686559e+01
4.168107731141763139e+01
4.198768235431933249e+01
4.200325608846409864e+01
4.235593519013935548e+01
4.151827832193851719e+01
4.184313614415634675e+01
4.185189945322209581e+01
4.213304819688926983e+01
4.135730565664270841e+01
4.171120383828855438e+01
4.171225473774040182e+01
4.192592661568112788e+01
4.120023306036287636e+01
4.158311434597055012e+01
4.157589385509868407e+01
4.172588485025022464e+01
4.105045236168918166e+01
4.146505631286016325e+01
4.144687963806756414e+01
4.153642606460016395e+01
4.090558027661544571e+01
4.134680932147740151e+01
4.131769201150779480e+01
4.135541659670750647e+01
4.076454183380612051e+01
4.124078958221682001e+01
4.119600769937351004e+01
4.117467008865158817e+01
4.062608861866866761e+01
4.113874714639361230e+01
4.107453027940788104e+01
4.100574860144568135e+01
4.049513886523691752e+01
4.103097816615593985e+01
4.095364678210295750e+01
4.083131261174236215e+01
4.036824876399764150e+01
4.093029015688957628e+01
4.084241266426506911e+01
4.066484413673206433e+01
4.024110880130474754e+01
4.082899438287048355e+01
4.146400639827451329e+01
4.030085387657718599e+01
4.052399663373240912e+01
4.137239882555148540e+01
4.080082874933193438e+01
3.960863793912387365e+01
3.976990834318721113e+01
4.069078735617538456e+01
4.000434984175046083e+01
3.946338348537052099e+01
3.934095712490066177e+01
4.020023433574849747e+01
3.958044177079823811e+01
3.933067749009202174e+01
3.910769859623385969e+01
3.989407976626063856e+01
3.929470930469990719e+01
3.918020640752200023e+01
3.892427349777641865e+01
3.964432255219423951e+01
3.909462026569155313e+01
3.901972355688478444e+01
3.876531793513991886e+01
3.943641029375776696e+01
3.892529046206698240e+01
3.886841777323013503e+01
3.862854214051156987e+01
3.926417253664899931e+01
3.878680712868688829e+01
3.873802410380985606e+01
3.851107067673155626e+01
3.913259348407280669e+01
3.865698157191214079e+01
3.860821724206656569e+01
3.840160036936969590e+01
3.899580087251686678e+01
3.853998734213690369e+01
3.849382922458372036e+01
3.830290071613730873e+01
3.888419993193240032e+01
3.843689996496506467e+01
3.839056935641710311e+01
3.821158865217941525e+01
3.879591299580207675e+01
3.834351831037609060e+01
3.828247425617641397e+01
3.812955995385891583e+01
3.871042924520354234e+01
3.825959571548296623e+01
3.819048020273253741e+01
3.804936554072348542e+01
3.862225167868925269e+01
3.817433095932727127e+01
3.810000333791375482e+01
3.797332482325957415e+01
3.854313484745938467e+01
3.809453693477488656e+01
3.801513995520730305e+01
3.789916694061199109e+01
3.849514994364525933e+01
3.801898313021197851e+01
3.792622462497509872e+01
3.782715340848434948e+01
3.842822512184273620e+01
3.794426079893591464e+01
3.783915661816231335e+01
3.775299726734103700e+01
3.836518181399716809e+01
3.787231875505256795e+01
3.776021059263676705e+01
3.768080492353625743e+01
3.832688640271064173e+01
3.780840534490454985e+01
3.767832618620834495e+01
3.761412894009574615e+01
3.828458273553096092e+01
3.774478469747636922e+01
3.760216713302346392e+01
3.754346521655930502e+01
3.823263472002147267e+01
3.768313289426383506e+01
3.752837379927328243e+01
3.748114220117513185e+01
3.818222799874909867e+01
3.761982912416171843e+01
3.745339767157592803e+01
3.741599698312249700e+01
3.813026521249521750e+01
3.755986583581860572e+01
3.738785748282860055e+01
3.735676771353232795e+01
3.808738196055278991e+01
3.750276200079658651e+01
3.732895352038955394e+01
3.730127409089568147e+01
3.804887464900802030e+01
3.744696516866304847e+01
3.727080289851905803e+01
3.724438755603184603e+01
3.800391234002654528e+01
3.739264620583323762e+01
3.721199349335341111e+01
3.718731983052182954e+01
3.795312181999486967e+01
3.734482678877139961e+01
3.715921995085538754e+01
3.713766560098925851e+01
3.791359541815272394e+01
3.729326888483365821e+01
3.710862007775936178e+01
3.708309051111301358e+01
3.787263022798159540e+01
3.724527854514274594e+01
3.705575551496174569e+01
3.703323459874685852e+01
3.782551299803270695e+01
3.720069247528551415e+01
3.700725675833359674e+01
3.698341950211405305e+01
3.778065840935367703e+01
3.715444421886549264e+01
3.695875094574625308e+01
3.693665222008392135e+01
3.773352715293142268e+01
3.710723126464421995e+01
3.691365686031848270e+01
3.688948480693004939e+01
3.770266200283321467e+01
3.706278996449656660e+01
3.686960369076741273e+01
3.684622465928591595e+01
3.766740699154596683e+01
3.701878120723932142e+01
3.682538877268334687e+01
3.680340199572730597e+01
3.763875039265184341e+01
3.697858941023203982e+01
3.678197116899382735e+01
3.675822908165409331e+01
3.759096030234201180e+01
3.693266183906252564e+01
3.674154099839002185e+01
3.671659911691845224e+01
3.755043812207530607e+01
3.688888609822437559e+01
3.669782468230952333e+01
3.667373922069563008e+01
3.752273351553392899e+01
3.684787979438662120e+01
3.665875867168619351e+01
3.663465488324139585e+01
3.748610581325626612e+01
3.680861058877783876e+01
3.662032760070240300e+01
3.659421564085066336e+01
3.744335833006591230e+01
3.677539631469007020e+01
3.658240278017509439e+01
3.655717571135861732e+01
3.741538083351577626e+01
3.655101249065126723e+01
3.911878421754365576e+01
3.668928219351160891e+01
3.892246717896881592e+01
3.654101068198728086e+01
3.800239909311481057e+01
3.664877347476934943e+01
3.827972366036341612e+01
3.651609941512641910e+01
3.757793638902991518e+01
3.655733552726033508e+01
3.790538719811375756e+01
3.644128437657389696e+01
3.726986804913408946e+01
3.647188387981457680e+01
3.757770744417809539e+01
3.634627195894977092e+01
3.702706859770376724e+01
3.640199688966740865e+01
3.729273946303892728e+01
3.624919230886448673e+01
3.680940611557277009e+01
3.633642398110166738e+01
3.701320478971184968e+01
3.616088925791722630e+01
3.658297654905559426e+01
3.624952717798706914e+01
3.681039632601805778e+01
3.605197275059915540e+01
3.638114149068438508e+01
3.617338458477200902e+01
3.665162844222729177e+01
3.595430885731152415e+01
3.622434647714334943e+01
3.608935898591628444e+01
3.649203220838974460e+01
3.585366679272782164e+01
3.606676389443631336e+01
3.599254105390437530e+01
3.632358233268192294e+01
3.576033756315113976e+01
3.593701192043295123e+01
3.590519509109299889e+01
3.617082850453002862e+01
3.566753907414550895e+01
3.581470966547095003e+01
3.581631042100470097e+01
3.603929599025448027e+01
3.557261435570824659e+01
3.569637717117541342e+01
3.571759506949981500e+01
3.593510665461441533e+01
3.547968958571975406e+01
3.558687669497846429e+01
3.562360295976449009e+01
3.583286808145136604e+01
3.539261570624876896e+01
3.549438695702848889e+01
3.553095709016682235e+01
3.571294594116012178e+01
3.529515967875322957e+01
3.539515605617636851e+01
3.543485334354647165e+01
3.563218936505028722e+01
3.520302117826712163e+01
3.530219405239939334e+01
3.535519739757219071e+01
3.555609431692545996e+01
3.512217725037185545e+01
3.520535252688338801e+01
3.526790687957973347e+01
3.545714778663137423e+01
3.503757097002168308e+01
3.511504221912810664e+01
3.518862527438886900e+01
3.538796216343747147e+01
3.495784661744494315e+01
3.504476488243541610e+01
3.510822178349130240e+01
3.531528576913961359e+01
3.488055883002318325e+01
3.497738667084586695e+01
3.502876561751266138e+01
3.525152698973018772e+01
3.480160462088914386e+01
3.491475515287113041e+01
3.496377481489967209e+01
3.518493254668999981e+01
3.472950452734241367e+01
3.485301732170871958e+01
3.488833881427495953e+01
3.512681398243907438e+01
3.465743249348810195e+01
3.479302398370381866e+01
3.482315555464118262e+01
3.507411014957995121e+01
3.459051446681264252e+01
3.473333328293909261e+01
3.476209887875159410e+01
3.502190700313299487e+01
3.453165328702864656e+01
3.467681741022601472e+01
3.469629290486072648e+01
3.497050122392157334e+01
3.447408575204212866e+01
3.461477299336443281e+01
3.463759139313609836e+01
3.491802882056530422e+01
3.441869839882912174e+01
3.455984165905901762e+01
3.457699747675373914e+01
3.486600574779583184e+01
3.436470283750178822e+01
3.451303741981240591e+01
3.452093590449165106e+01
3.480766786531044232e+01
3.430841240751929888e+01
3.445583410318599960e+01
3.446873223525612673e+01
3.476651890371648079e+01
3.425892249717789184e+01
3.440463059536689627e+01
3.441614878261476207e+01
3.472022156644455748e+01
3.420823955297912988e+01
3.435598972175952071e+01
3.436009918164862853e+01
3.469259209248968290e+01
3.415918322660813544e+01
3.430579436221695033e+01
3.431463176110277402e+01
3.463910612296852065e+01
3.411356140411394477e+01
3.426315938649829462e+01
3.427199642898847287e+01
3.460083908617181692e+01
3.407119198980781505e+01
3.421818778199887134e+01
3.422157023299890000e+01
3.457059066749340559e+01
3.402672912435085095e+01
3.417850275992304176e+01
3.417974132023221046e+01
3.453448721084156148e+01
3.398477157749063338e+01
3.414027942768810675e+01
3.413362194693295493e+01
3.449476489145561686e+01
3.394175589927009895e+01
3.410146954748404369e+01
3.408746092200079403e+01
3.445892542953701820e+01
3.389948482598986601e+01
3.406124892740063359e+01
3.403919746070016572e+01
3.442690607134544223e+01
3.386167206996930190e+01
3.402838389799666885e+01
3.399595819199455349e+01
3.439365391251310200e+01
3.351524370268263908e+01
3.433409509837375850e+01
3.344668589796106062e+01
3.458460853115649769e+01
3.326779652376112750e+01
3.394741584379440980e+01
3.327111271327820674e+01
3.442488113922472337e+01
3.312675408358677487e+01
3.376048457726661667e+01
3.314339838358972656e+01
3.428514769921601868e+01
3.301324915661042070e+01
3.366505972162626392e+01
3.303489153507642584e+01
3.415852795442844325e+01
3.291527338677850167e+01
3.357448936422390062e+01
3.294123561155358715e+01
3.403723514965514596e+01
3.282497502446081938e+01
3.351137778806186418e+01
3.286133126062588161e+01
3.395210064486469292e+01
3.274279797055091024e+01
3.347836508775286291e+01
3.278632682814384935e+01
3.388595383587809806e+01
3.266645585311310640e+01
3.344882111654527534e+01
3.271830076066440540e+01
3.381114196497456703e+01
3.259523426695979964e+01
3.341380936664656076e+01
3.265560497286252684e+01
3.374336435247884936e+01
3.252871643942679469e+01
3.336940887155163438e+01
3.259778948488172290e+01
3.369593358711573927e+01
3.246368294578728353e+01
3.335259937261117358e+01
3.254252794495255330e+01
3.364358530556935278e+01
3.240375224965720236e+01
3.332702589003907434e+01
3.249014102258566083e+01
3.359676015140737348e+01
3.234659394343969296e+01
3.330155073050444514e+01
3.244226090864732726e+01
3.355673327788986882e+01
3.229338123325211285e+01
3.329707901130698389e+01
3.239394221951314279e+01
3.352082556676752034e+01
3.224353707688297987e+01
3.328473921404983571e+01
3.235144038679883494e+01
3.348645370894623596e+01
3.219685325551738231e+01
3.327633424675103413e+01
3.230937402009378445e+01
3.344422885916922183e+01
3.215195657392691686e+01
3.325575439275569067e+01
3.226937748630139424e+01
3.340381918637421421e+01
3.210903979887052628e+01
3.323352822136006779e+01
3.223362611650428988e+01
3.337616102481852209e+01
3.206645330364013091e+01
3.321981855560861163e+01
3.219654131207865078e+01
3.334792566758761723e+01
3.202571178040487609e+01
3.320331924454915651e+01
3.216354785882086276e+01
3.333430485284429068e+01
3.198794101723515126e+01
3.319584722098668550e+01
3.213216802450617138e+01
3.330263309227146351e+01
3.195115417924303713e+01
3.317689782703397583e+01
3.210309279564310003e+01
3.327200818881441080e+01
3.191618730484004018e+01
3.315405353348855044e+01
3.207653355700912812e+01
3.324186097862906308e+01
3.188346694283649541e+01
3.313265793764500700e+01
3.204819011577234278e+01
3.320661971611890095e+01
3.185093708161266335e+01
3.312319494410574805e+01
3.202186018681791779e+01
3.318741261101419582e+01
3.182188255405243282e+01
3.310802329451509962e+01
3.199802417461030402e+01
3.315785036637883110e+01
3.179359050236929818e+01
3.309331349657841770e+01
3.197651755140505259e+01
3.312613044910938243e+01
3.176780309471701358e+01
3.308092105901003777e+01
3.195544365097443062e+01
3.308789626423357078e+01
3.174317994169274115e+01
3.306319868129558870e+01
3.193874133493225287e+01
3.305360496250855107e+01
3.171828575202948031e+01
3.305102186646487183e+01
3.192186769770498600e+01
3.301769975290135761e+01
3.169219360867498736e+01
3.302465607252857183e+01
3.190629849889153391e+01
3.297411504181498998e+01
3.166832499357370878e+01
3.301739487272961782e+01
3.189307582979967393e+01
3.293729768927278201e+01
3.164498023847141894e+01
3.299980699164841269e+01
3.187815785633274146e+01
3.290656571309653344e+01
3.162184975135363629e+01
3.298025387865189373e+01
3.186429443228123759e+01
3.286607378148854508e+01
3.160056059076450907e+01
3.297665938629693017e+01
3.185267477683244763e+01
3.283779584565876064e+01
3.157887574612727022e+01
3.295603207321850903e+01
3.184461311466480637e+01
3.280096489161968520e+01
3.155871938796947518e+01
3.294551183930804683e+01
3.183733000777648314e+01
3.276040945356827194e+01
3.153691101232964655e+01
3.292845623905666486e+01
3.183166131806756027e+01
3.271178228545333155e+01
3.151774322935699857e+01
3.290886615479021060e+01
3.182850335809809295e+01
3.266680875619258018e+01
3.150203517621467597e+01
3.289285641048638809e+01
3.182369537848589403e+01
3.261664073062194547e+01
3.111803940938519730e+01
3.119378044870464350e+01
3.102692177892614112e+01
3.121124855049387392e+01
3.102531909694464574e+01
3.099065020808787096e+01
3.057181626503269101e+01
3.059672972479483022e+01
2.989768452557219902e+01
3.103214929804695998e+01
2.993050027568946447e+01
3.033060768449730915e+01
2.961999123723617089e+01
3.069199767809596580e+01
2.987788958745035472e+01
2.998893360756164128e+01
2.946221605584951675e+01
3.036370556055462089e+01
2.970623105646012974e+01
2.980680791413223218e+01
2.946021260022027022e+01
3.003154314764920585e+01
2.957892175243303612e+01
2.962534134240518924e+01
2.940876874064016633e+01
2.969579292452608144e+01
2.944576977410095608e+01
2.947337424583330900e+01
2.924596431978137900e+01
2.955813157497720312e+01
2.933961329246487182e+01
2.934812200799729709e+01
2.915870417861515307e+01
2.939536809464646083e+01
2.925937936438397458e+01
2.925992770494118389e+01
2.904415397862858939e+01
2.927480125824437351e+01
2.920033361325443622e+01
2.916316727348772986e+01
2.899235396737212511e+01
2.917831302536965055e+01
2.915131682993581563e+01
2.904554286763240256e+01
2.890051031176589902e+01
2.904224692071335312e+01
2.912038599791920390e+01
2.894855746733089674e+01
2.881342348793765140e+01
2.890713155484151997e+01
2.903837316089128961e+01
2.883145592986268468e+01
2.875187701650217775e+01
2.881403709667952384e+01
2.896979279137860530e+01
2.876567830966252259e+01
2.871465491936768899e+01
2.870473355605872001e+01
2.891663293511479793e+01
2.869718081675274490e+01
2.866033849627844887e+01
2.859962970357385359e+01
2.881881997007362983e+01
2.863679478583731353e+01
2.861584232694143992e+01
2.851879423079985187e+01
2.877976053702984771e+01
2.859219903764599735e+01
2.850454804738265935e+01
2.842182504144092547e+01
2.869576500919715656e+01
2.852276575095900668e+01
2.842334551688830402e+01
2.835910353300385012e+01
2.864097755192579697e+01
2.845980950146271482e+01
2.828991707166184000e+01
2.825373602756578606e+01
2.861593042468431847e+01
2.840162426705434484e+01
2.823950009192871136e+01
2.819508933893518332e+01
2.856112142177848412e+01
2.838508632473073590e+01
2.819423480729985698e+01
2.816140313686548780e+01
2.848379847260979147e+01
2.833251751803908647e+01
2.813247995627793685e+01
2.810433834290639510e+01
2.843355429248532928e+01
2.828120867394581950e+01
2.821265665418886215e+01
2.804814423587352223e+01
2.838975821629633245e+01
2.822353799614854708e+01
2.810369924906525441e+01
2.801958143480404217e+01
2.835047502356385252e+01
2.819925074433267298e+01
2.809006305421968008e+01
2.798834514417543318e+01
2.832898523471249064e+01
2.814233431046010736e+01
2.812266910709846357e+01
2.795912498258269352e+01
2.828990582777274909e+01
2.809792965160723455e+01
2.810131365916804214e+01
2.792455604246719503e+01
2.823017392452356233e+01
2.803404658680570805e+01
2.804287689656618454e+01
2.789034030898580596e+01
2.819210867343173632e+01
2.799140540789157328e+01
2.802076069627451815e+01
2.782623906540403169e+01
2.817294564502431697e+01
2.796397987206890789e+01
2.793670141016046671e+01
2.778400820187213327e+01
2.815479529966262007e+01
2.793623781700222963e+01
2.794006422229892905e+01
2.777152723483869323e+01
2.815624443470805716e+01
2.794696870996969906e+01
2.787504165156756031e+01
2.774108057867197985e+01
2.808961429251677444e+01
2.791173902301016696e+01
2.780615693197948701e+01
2.772921965798754229e+01
2.806973271090366850e+01
2.790603885637048265e+01
2.780512075998739618e+01
2.772712627373116945e+01
2.807892293979099918e+01
2.792717457964050354e+01
2.780373167254879618e+01
2.773025699473006966e+01
2.810053685270078816e+01
2.792891913126040038e+01
2.779575369309029753e+01
2.771152483347895057e+01
2.806821985411586340e+01
2.794621833580464454e+01
2.777893136446877165e+01
2.767614571387314371e+01
2.806092527342391918e+01
2.796973114269601624e+01
2.774150240495895758e+01
2.768516647663157215e+01
2.807835982399227603e+01
2.793173305025976205e+01
2.771898472609819208e+01
2.765268436455414758e+01
2.805558651332887266e+01
2.792775730900455855e+01
2.862677981639284752e+01
2.912726800680601613e+01
3.010031445753370960e+01
3.247866589119203695e+01
2.987556907292438879e+01
3.296174448772616472e+01
3.105924409533882624e+01
2.960128859836115822e+01
2.795782361794077175e+01
3.070940709321504514e+01
2.821519449585564132e+01
2.903497250335794178e+01
2.752847362272150633e+01
3.173336113151150784e+01
2.771694085272947206e+01
2.837662535665829822e+01
2.706561624722816362e+01
3.013523259511340058e+01
2.807089126488778419e+01
2.932906846669281009e+01
2.663907618207530703e+01
3.100231633157002165e+01
2.739485441756959716e+01
2.876815772043204333e+01
2.668353647799837347e+01
3.127183907662050899e+01
2.783759955769776084e+01
2.840906995162956861e+01
2.723766022179417945e+01
3.172051954661338513e+01
2.798580738233228971e+01
2.841292572077938061e+01
2.676766262708327559e+01
3.075323027346143689e+01
2.816496529502886403e+01
2.863746786824287582e+01
2.705619498008621093e+01
3.099414835219699782e+01
2.780655449413146130e+01
2.946224301318882510e+01
2.696137745466572611e+01
2.967352696217512076e+01
2.798644375373793025e+01
2.792349310819775354e+01
2.697868258639556771e+01
2.910109871222659095e+01
2.759984671918402910e+01
2.676589265782070015e+01
2.610612590351096785e+01
2.718443665222007510e+01
2.641052491696073190e+01
2.620706464891803478e+01
2.571112778097425888e+01
2.740863234882682065e+01
2.644614315780692593e+01
2.624849973381708068e+01
2.564318713152470863e+01
2.628367321763320064e+01
2.644940584356843516e+01
2.561063589162145959e+01
2.535948565964587686e+01
2.850064400123862995e+01
2.631459478786016959e+01
2.659016004286296209e+01
2.537601132880528354e+01
2.710860143507054332e+01
2.659458698774958663e+01
2.712144661596698469e+01
2.552344552136720424e+01
2.815325702916711137e+01
2.627454786793088104e+01
2.719383707246539217e+01
2.563277775970731653e+01
2.633529361785194567e+01
2.613338124017647246e+01
2.756373397432203731e+01
2.540864380218136631e+01
2.609966806053048671e+01
2.555184892982505573e+01
2.546512501401268835e+01
2.564002417751910912e+01
2.716797016666102138e+01
2.542909360999193069e+01
2.592622035763540111e+01
2.542503277787129079e+01
2.572057795888591514e+01
2.752944420554798910e+01
2.521162155556266171e+01
2.598358187626464044e+01
2.593245818533000246e+01
2.800799627553050541e+01
2.518516552888244675e+01
2.598456807248075151e+01
2.610042863244536093e+01
2.536587227633847874e+01
2.822825851210979664e+01
2.514244368875220559e+01
2.600734416910127678e+01
2.544719382386535855e+01
2.621806088350196973e+01
2.771816720452033422e+01
2.504271462605075627e+01
2.551637335404286944e+01
2.547926516916354345e+01
2.580030651288386423e+01
2.540495380984717499e+01
2.725056460765222965e+01
2.523918910774181157e+01
2.545985769213163152e+01
2.554583638127881784e+01
2.710318889095862360e+01
2.774870603280790249e+01
2.553155152443710918e+01
2.611574196167168438e+01
2.768857761523241123e+01
3.062039784261206776e+01
2.560426937530591474e+01
2.562540962772373021e+01
2.557006441183107981e+01
2.577839762074315288e+01
2.944056142951552602e+01
3.144440977977693663e+01
2.606983793397594695e+01
2.628358282467987905e+01
2.956920839545071900e+01
3.221067829283487072e+01
2.582144390176948434e+01
2.905004313895535972e+01
2.868120948391701219e+01
2.657170269694407594e+01
3.597403247077129862e+01
2.538794002087596979e+01
2.721925482419436193e+01
2.876985112871484418e+01
3.403180985456151575e+01
2.604030618646439521e+01
2.695702105082046529e+01
2.753089654984063728e+01
2.756676782372439760e+01
2.835019985914377116e+01
3.297968233134171356e+01
2.602706202626547594e+01
2.633371559012938690e+01
2.704819323173649437e+01
3.225241094280072929e+01
2.543521987179638799e+01
2.717861089377901607e+01
2.733818102528950789e+01
2.944244183027327111e+01
3.163567489210454653e+01
2.569156653664809298e+01
2.831003470467840089e+01
2.784342599239112204e+01
2.964883398483574695e+01
3.166166696923088608e+01
2.557752056398247120e+01
2.824524313285198929e+01
2.782621870475697179e+01
3.052151841138690003e+01
2.554966664059528725e+01
2.763281076586619989e+01
2.793993525654382992e+01
3.010402222580333387e+01
2.560279495977953701e+01
2.744220628064715584e+01
2.864127420070728292e+01
2.959437356441486244e+01
2.571312573495654519e+01
2.780349709507180123e+01
2.816358498706529545e+01
2.940874629333595891e+01
2.635813830320773121e+01
2.849387588099716595e+01
2.771137789616431490e+01
2.817795524788344608e+01
2.949798169833653461e+01
2.716364323628584643e+01
2.736306712465921720e+01
3.215601686133560122e+01
2.623560888762068188e+01
2.739050449630252970e+01
2.582354325143687035e+01
2.668558022994523071e+01
3.691021808250463465e+01
2.633996368865178184e+01
3.255596551949368944e+01
2.679846651254536383e+01
3.297038283008826198e+01
2.618089367972878989e+01
2.684916222908707795e+01
3.431802287915017757e+01
2.658761521494214008e+01
3.320141769109156371e+01
2.644414987350700486e+01
3.312803804555305476e+01
2.673967541341151133e+01
3.339020509649065360e+01
2.674193380716481272e+01
3.018632213221497196e+01
2.730557403476413469e+01
2.690881592710214676e+01
2.665435482456151206e+01
3.225390553908993496e+01
2.675750430002048930e+01
3.056899019035602549e+01
2.806988396262929797e+01
3.132198802434353624e+01
2.693566486592681031e+01
2.654353213513958210e+01
2.745701447245073012e+01
2.930100846736169373e+01
2.815171946752791854e+01
3.098767490538323699e+01
2.696461743397729194e+01
2.807515629259993517e+01
2.681247076909020066e+01
2.844767738505417398e+01
2.695181498289490918e+01
3.067555936240841064e+01
2.698139751566149869e+01
2.696285308497284205e+01
2.814334834994539847e+01
2.799690102928974866e+01
2.692278076145433374e+01
2.878892887288127156e+01
2.711180621497191368e+01
3.012716233110640474e+01
2.706510640414620994e+01
2.800213382520221828e+01
2.908178464289538212e+01
2.953322283830056350e+01
2.709409310804132787e+01
2.849417648779400380e+01
2.714044601380258825e+01
2.689708552985786483e+01
2.944283290591208768e+01
2.736725970118427043e+01
2.917656294905511771e+01
2.718567302300079547e+01
2.730135896146670760e+01
2.903174558195556543e+01
2.933986068107235923e+01
2.748836396535390136e+01
2.885300891485717401e+01
2.727268421337736015e+01
3.009758390307324305e+01
2.883175236671806019e+01
2.777192461598215090e+01
2.691495790854035874e+01
2.806336248784856835e+01
2.718603818743956779e+01
3.099961424772502738e+01
2.782925666957339317e+01
2.844182082424824287e+01
2.785137000577072541e+01
2.889870672607441193e+01
2.934872359428863220e+01
3.038992074360288598e+01
2.694184382313206072e+01
2.687564176157782114e+01
2.793208292847336338e+01
2.683149683701247667e+01
3.045292070665516349e+01
2.904901443890476287e+01
3.011616117781287016e+01
2.709529715250040027e+01
2.699279265871849276e+01
2.725202389154145877e+01
3.088363619074970146e+01
2.906520440135560435e+01
3.026356809317881869e+01
2.737901176211205012e+01
2.980669135027099159e+01
2.904390503739528029e+01
3.030169830833852629e+01
2.758344141787532777e+01
2.953397581010642625e+01
2.920633386839950063e+01
3.051701036625421892e+01
2.775276482268030520e+01
2.782448739655186998e+01
2.769944925862103702e+01
2.926485267957464131e+01
2.921197312342587438e+01
3.074302048264275200e+01
2.787129746966913757e+01
2.814848399038152138e+01
2.804194876192249808e+01
2.933782151223856616e+01
2.911624778241053946e+01
3.091307925645673649e+01
2.828702627182603990e+01
2.937881271310821774e+01
2.909765390941509722e+01
3.016103074241676296e+01
2.842537880125899008e+01
2.854760782422386711e+01
2.947081805541223076e+01
2.883473975145989243e+01
2.985043324420356825e+01
2.853299284607914998e+01
3.041694965604443723e+01
2.848276257269261080e+01
2.949368238525096331e+01
2.896241369488864237e+01
2.976898290968155081e+01
2.911196478145242494e+01
2.837252049449785218e+01
2.860981758955172793e+01
2.928695282688457624e+01
2.785163527543349815e+01
2.863277055903461132e+01
2.861382925368904040e+01
3.098929686420927254e+01
2.840227883487482430e+01
3.176211569142607871e+01
3.033062220059308700e+01
2.925580167321674452e+01
2.946451882591978588e+01
3.136492122170648145e+01
2.877583807355065559e+01
2.943985945882579003e+01
2.832682163489278437e+01
3.015818214454722224e+01
3.188183628492119226e+01
2.856969868444794258e+01
2.944060509528975444e+01
2.842060548196641889e+01
2.967957884522045831e+01
2.900125807126796218e+01
3.988206296464216649e+01
3.233831546961200587e+01
2.860632783872867435e+01
2.858659277788577668e+01
3.145834793785893524e+01
2.881761991792033939e+01
2.770015310123111618e+01
2.990934828245236332e+01
2.839508130622579429e+01
2.902859595006412263e+01
2.833894745985013941e+01
2.916039605956835246e+01
3.012668038188607156e+01
2.880557273947563601e+01
2.877414420712519316e+01
2.861756323839977867e+01
2.800314896422991495e+01
2.857278432195996487e+01
3.042398357267220632e+01
3.046636932046705581e+01
2.856192839145943552e+01
2.795102235683934566e+01
2.984417556628342183e+01
3.388602060778256231e+01
2.919814348332048226e+01
2.877463854137523569e+01
2.979688164504284487e+01
3.615293745836085293e+01
2.919195144740693593e+01
2.876767437598459409e+01
2.855667101211743031e+01
2.884263111665831758e+01
2.972108478595827563e+01
3.694398663276729877e+01
2.943650363406565873e+01
2.881822358187460864e+01
2.976853620428033409e+01
3.810280879841901225e+01
2.980739054062499349e+01
2.897726645132549095e+01
2.989971475584582805e+01
3.920823515702620199e+01
2.970166074777166543e+01
2.921426736754544962e+01
3.017735174097784423e+01
3.940655421721563556e+01
2.967556782697998585e+01
2.939585104447286668e+01
3.022566982637555455e+01
3.701719931256780427e+01
2.929451044723689890e+01
2.945784342138684408e+01
3.041394655953878612e+01
3.440582768561380078e+01
2.913066169607374079e+01
2.944309590341210381e+01
3.066247026354596983e+01
3.422893529008630509e+01
2.850787541782934653e+01
2.930069787755185118e+01
3.048125668157184265e+01
3.223112144155582826e+01
2.859750948115146585e+01
2.923367407388583672e+01
3.042640220674160645e+01
2.959409232496681597e+01
2.896663076040399787e+01
2.904446492876905239e+01
3.081335935548432658e+01
2.910589986017274455e+01
2.888674667231130044e+01
2.912520319828495374e+01
3.051040704133500370e+01
2.934532273944476444e+01
2.899656537046898208e+01
2.936999437520585232e+01
3.107305708153671020e+01
2.991751287438035334e+01
2.884356256847976496e+01
2.923364544081242755e+01
3.145174565345760698e+01
3.001792420988545729e+01
2.895037796270278463e+01
2.922062584022491549e+01
3.076552284211218691e+01
2.921904477189661975e+01
2.897867048770632081e+01
2.918845485704791187e+01
3.075502628434013630e+01
2.925315505555191464e+01
2.915069291888640990e+01
2.973040688348256211e+01
3.063949491983685647e+01
2.939387856659562459e+01
2.930416421587933229e+01
2.978165396713378499e+01
3.157989668754587953e+01
3.019955309284587841e+01
2.956876421686088818e+01
2.965298723810447257e+01
3.291139570210725651e+01
3.064687001615110162e+01
2.973328694928866511e+01
2.964832360378749243e+01
3.553497500977847778e+01
3.017289574478695968e+01
2.990923699425850657e+01
2.980077317630322753e+01
3.788244727304874715e+01
3.003470571715224935e+01
2.987541599087665034e+01
2.995042095570358853e+01
3.883190453803807429e+01
3.007234959279196218e+01
2.993101433874319284e+01
3.051395244384384853e+01
3.851701244532768698e+01
3.030684740018060097e+01
3.012481220651077507e+01
3.108729887296783545e+01
3.698650042216196709e+01
3.051246320135924606e+01
3.012925511949624990e+01
3.099931004830268932e+01
3.639565166995910062e+01
3.052378107289372622e+01
2.995323826833151415e+01
3.088715890086206528e+01
3.621447320082587851e+01
3.043665209375669889e+01
2.983307885567255013e+01
3.086921010735574100e+01
3.520644124812032061e+01
3.070151579715962598e+01
