1.105785369873046875e+02
1.087520751953125000e+02
8.841481781005859375e+01
9.155519866943359375e+01
1.090206298828125000e+02
1.054585342407226562e+02
8.168038940429687500e+01
8.571749114990234375e+01
1.008890991210937500e+02
1.039538879394531250e+02
7.875461578369140625e+01
8.337223052978515625e+01
9.667718505859375000e+01
1.027852478027343750e+02
7.647702789306640625e+01
8.170932006835937500e+01
9.371173858642578125e+01
1.021487808227539062e+02
7.484637451171875000e+01
8.058946228027343750e+01
9.188524627685546875e+01
1.019724349975585938e+02
7.313490295410156250e+01
7.969139862060546875e+01
9.007808685302734375e+01
1.013957595825195312e+02
7.166809844970703125e+01
7.889839935302734375e+01
8.839023590087890625e+01
1.006725616455078125e+02
7.037322235107421875e+01
7.817809295654296875e+01
8.689791107177734375e+01
9.988163757324218750e+01
6.925923156738281250e+01
7.756473541259765625e+01
8.539658355712890625e+01
9.894048309326171875e+01
6.827610778808593750e+01
7.695332336425781250e+01
8.419894409179687500e+01
9.787494659423828125e+01
6.738361358642578125e+01
7.629797363281250000e+01
8.297860717773437500e+01
9.692885589599609375e+01
6.653006744384765625e+01
7.570306396484375000e+01
8.192814636230468750e+01
9.589244842529296875e+01
6.560885620117187500e+01
7.505339050292968750e+01
8.077225494384765625e+01
9.484645080566406250e+01
6.473197174072265625e+01
7.439504241943359375e+01
7.965079498291015625e+01
9.381951904296875000e+01
6.388653945922851562e+01
7.378939056396484375e+01
7.861217498779296875e+01
9.281748962402343750e+01
6.306968307495117188e+01
7.310218811035156250e+01
7.773201751708984375e+01
9.184038543701171875e+01
6.230586242675781250e+01
7.248818969726562500e+01
7.687491607666015625e+01
9.084844207763671875e+01
6.162696075439453125e+01
7.196051025390625000e+01
7.599671173095703125e+01
8.990135955810546875e+01
6.099414443969726562e+01
7.137747955322265625e+01
7.515238189697265625e+01
8.885388183593750000e+01
6.037500381469726562e+01
7.091712188720703125e+01
7.434821319580078125e+01
8.789741516113281250e+01
5.978176879882812500e+01
7.055472564697265625e+01
7.364883422851562500e+01
8.667818450927734375e+01
5.920379257202148438e+01
7.011753845214843750e+01
7.295613098144531250e+01
8.551025390625000000e+01
5.865345001220703125e+01
6.975752258300781250e+01
7.240733337402343750e+01
8.433776855468750000e+01
5.822447204589843750e+01
6.952394104003906250e+01
7.192377471923828125e+01
8.312709045410156250e+01
5.781868362426757812e+01
6.926087951660156250e+01
7.150405883789062500e+01
8.202194213867187500e+01
5.743475723266601562e+01
6.921513366699218750e+01
7.107660675048828125e+01
8.081182098388671875e+01
5.708703994750976562e+01
6.912039184570312500e+01
7.079999542236328125e+01
7.965995788574218750e+01
5.667649841308593750e+01
6.905449676513671875e+01
7.050053405761718750e+01
7.840821075439453125e+01
5.636186218261718750e+01
6.917546844482421875e+01
7.018636322021484375e+01
7.719175720214843750e+01
5.604137039184570312e+01
6.910272979736328125e+01
6.996680450439453125e+01
7.598572540283203125e+01
5.571548843383789062e+01
6.908391571044921875e+01
6.982515716552734375e+01
7.448230743408203125e+01
5.537485504150390625e+01
6.924229431152343750e+01
6.985623168945312500e+01
7.314635467529296875e+01
5.516140747070312500e+01
6.935335540771484375e+01
6.982278442382812500e+01
7.177572631835937500e+01
5.487668991088867188e+01
6.961010742187500000e+01
6.987999725341796875e+01
7.048616027832031250e+01
5.469029998779296875e+01
6.982512664794921875e+01
6.980389404296875000e+01
6.927775573730468750e+01
5.463014984130859375e+01
7.008493041992187500e+01
6.983859252929687500e+01
6.805396270751953125e+01
5.450997924804687500e+01
7.039845275878906250e+01
6.979573059082031250e+01
6.690624237060546875e+01
5.435728836059570312e+01
7.052272796630859375e+01
6.973265075683593750e+01
6.569541931152343750e+01
5.431851959228515625e+01
7.080583190917968750e+01
6.982496643066406250e+01
6.457353973388671875e+01
5.425930404663085938e+01
7.096037292480468750e+01
8.138615417480468750e+01
4.999773788452148438e+01
7.117689514160156250e+01
7.941778564453125000e+01
7.682711791992187500e+01
5.255141067504882812e+01
6.131952285766601562e+01
7.371414947509765625e+01
6.787064361572265625e+01
5.714816665649414062e+01
5.500098419189453125e+01
6.939957427978515625e+01
6.302314758300781250e+01
5.850364303588867188e+01
5.180243301391601562e+01
6.657058715820312500e+01
6.001775741577148438e+01
5.848500823974609375e+01
5.018172454833984375e+01
6.470930480957031250e+01
5.842296600341796875e+01
5.775726699829101562e+01
4.882685089111328125e+01
6.322487258911132812e+01
5.718692016601562500e+01
5.673581695556640625e+01
4.793799209594726562e+01
6.222047042846679688e+01
5.627630615234375000e+01
5.596808624267578125e+01
4.720307922363281250e+01
6.157897186279296875e+01
5.545066833496093750e+01
5.502508163452148438e+01
4.645851135253906250e+01
6.080186462402343750e+01
5.466541671752929688e+01
5.419966506958007812e+01
4.596030426025390625e+01
6.015452957153320312e+01
5.407513809204101562e+01
5.347498321533203125e+01
4.550269699096679688e+01
5.998474121093750000e+01
5.370714187622070312e+01
5.245161437988281250e+01
4.506709289550781250e+01
5.972822952270507812e+01
5.335943222045898438e+01
5.194664382934570312e+01
4.472437286376953125e+01
5.953557586669921875e+01
5.306171798706054688e+01
5.133677291870117188e+01
4.440174102783203125e+01
5.929306030273437500e+01
5.266775131225585938e+01
5.074840927124023438e+01
4.410728836059570312e+01
5.939389419555664062e+01
5.235639953613281250e+01
5.005796051025390625e+01
4.379573059082031250e+01
5.930535507202148438e+01
5.204323577880859375e+01
4.932778167724609375e+01
4.358590698242187500e+01
5.924093246459960938e+01
5.188983154296875000e+01
4.888151550292968750e+01
4.339270782470703125e+01
5.952859878540039062e+01
5.174839782714843750e+01
4.820034027099609375e+01
4.316103744506835938e+01
5.958103942871093750e+01
5.156336593627929688e+01
4.754936599731445312e+01
4.301662063598632812e+01
5.957726669311523438e+01
5.146965789794921875e+01
4.698253631591796875e+01
4.285231018066406250e+01
5.950058746337890625e+01
5.125571441650390625e+01
4.630489730834960938e+01
4.273450469970703125e+01
5.948035812377929688e+01
5.107590866088867188e+01
4.574942779541015625e+01
4.258332061767578125e+01
5.956158828735351562e+01
5.095824050903320312e+01
4.534213638305664062e+01
4.247204589843750000e+01
5.957742309570312500e+01
5.090081024169921875e+01
4.499163436889648438e+01
4.241683578491210938e+01
5.954459762573242188e+01
5.075603866577148438e+01
4.464985656738281250e+01
4.235168075561523438e+01
5.941712951660156250e+01
5.071436691284179688e+01
4.448056030273437500e+01
4.222894287109375000e+01
5.939400863647460938e+01
5.062494277954101562e+01
4.423851013183593750e+01
4.214819335937500000e+01
5.937284469604492188e+01
5.044262695312500000e+01
4.384902954101562500e+01
4.203777694702148438e+01
5.914270782470703125e+01
5.039928054809570312e+01
4.360742950439453125e+01
4.192166519165039062e+01
5.909517669677734375e+01
5.026987075805664062e+01
4.325212097167968750e+01
4.184608078002929688e+01
5.889424896240234375e+01
5.012343597412109375e+01
4.303347396850585938e+01
4.176232528686523438e+01
5.899597930908203125e+01
4.997471237182617188e+01
4.274574279785156250e+01
4.167790222167968750e+01
5.899639511108398438e+01
4.980779647827148438e+01
4.257624053955078125e+01
4.168397903442382812e+01
5.901940536499023438e+01
4.975640106201171875e+01
4.231277084350585938e+01
4.163171386718750000e+01
5.885918807983398438e+01
4.959697341918945312e+01
4.215312576293945312e+01
4.161307144165039062e+01
5.876874542236328125e+01
4.945023345947265625e+01
4.189780807495117188e+01
4.157455062866210938e+01
5.880917739868164062e+01
4.930971908569335938e+01
4.158447647094726562e+01
4.158242797851562500e+01
5.867005157470703125e+01
4.916873931884765625e+01
4.130519485473632812e+01
4.152595138549804688e+01
5.848956680297851562e+01
4.912690353393554688e+01
4.110603332519531250e+01
4.141230773925781250e+01
5.849916076660156250e+01
4.580801391601562500e+01
7.303349304199218750e+01
5.389611816406250000e+01
7.885717773437500000e+01
5.182040023803710938e+01
6.131474304199218750e+01
5.712340927124023438e+01
7.422877502441406250e+01
5.485859680175781250e+01
5.752667236328125000e+01
5.841800689697265625e+01
7.184146881103515625e+01
5.623035430908203125e+01
5.521099472045898438e+01
5.925242233276367188e+01
6.965471649169921875e+01
5.690643310546875000e+01
5.357304000854492188e+01
5.994889068603515625e+01
6.764557647705078125e+01
5.712546920776367188e+01
5.216361618041992188e+01
6.050512313842773438e+01
6.557721710205078125e+01
5.732363891601562500e+01
5.060551834106445312e+01
6.059727096557617188e+01
6.431011962890625000e+01
5.711676788330078125e+01
4.921938323974609375e+01
6.069512557983398438e+01
6.335629653930664062e+01
5.703083419799804688e+01
4.828780746459960938e+01
6.066858673095703125e+01
6.234677505493164062e+01
5.679627227783203125e+01
4.744679641723632812e+01
6.029733276367187500e+01
6.118960189819335938e+01
5.652421188354492188e+01
4.669430160522460938e+01
6.004841613769531250e+01
6.009822463989257812e+01
5.621331024169921875e+01
4.605338668823242188e+01
5.967716598510742188e+01
5.931964492797851562e+01
5.580009841918945312e+01
4.541229629516601562e+01
5.914118957519531250e+01
5.876200485229492188e+01
5.537602615356445312e+01
4.493591690063476562e+01
5.865882873535156250e+01
5.822153854370117188e+01
5.501960372924804688e+01
4.463695526123046875e+01
5.808979797363281250e+01
5.736721420288085938e+01
5.443452835083007812e+01
4.418546676635742188e+01
5.742834854125976562e+01
5.701243209838867188e+01
5.386098098754882812e+01
4.379904556274414062e+01
5.702509689331054688e+01
5.670360565185546875e+01
5.342032241821289062e+01
4.332822799682617188e+01
5.643690109252929688e+01
5.600299835205078125e+01
5.286430358886718750e+01
4.289226150512695312e+01
5.592100143432617188e+01
5.571699905395507812e+01
5.237783050537109375e+01
4.270431518554687500e+01
5.539097595214843750e+01
5.534493637084960938e+01
5.189759826660156250e+01
4.253391647338867188e+01
5.481168746948242188e+01
5.502017974853515625e+01
5.131205749511718750e+01
4.236389541625976562e+01
5.444926071166992188e+01
5.472543716430664062e+01
5.089366531372070312e+01
4.216310882568359375e+01
5.386302566528320312e+01
5.448655319213867188e+01
5.039544677734375000e+01
4.198885726928710938e+01
5.345199966430664062e+01
5.436139678955078125e+01
4.997411346435546875e+01
4.177260208129882812e+01
5.308807373046875000e+01
5.422518920898437500e+01
4.969356155395507812e+01
4.164806365966796875e+01
5.263410949707031250e+01
5.404021072387695312e+01
4.935977935791015625e+01
4.139217758178710938e+01
5.225224685668945312e+01
5.379944992065429688e+01
4.901659011840820312e+01
4.123444747924804688e+01
5.179528427124023438e+01
5.356020355224609375e+01
4.873254013061523438e+01
4.112638092041015625e+01
5.143349838256835938e+01
5.320505142211914062e+01
4.835021209716796875e+01
4.083832168579101562e+01
5.110383224487304688e+01
5.311782836914062500e+01
4.811132812500000000e+01
4.066230010986328125e+01
5.077819824218750000e+01
5.293263244628906250e+01
4.777800369262695312e+01
4.050865554809570312e+01
5.034707641601562500e+01
5.299491500854492188e+01
4.746126556396484375e+01
4.026187896728515625e+01
5.011212158203125000e+01
5.272486877441406250e+01
4.722682189941406250e+01
4.016427993774414062e+01
4.992244338989257812e+01
5.257787322998046875e+01
4.704225540161132812e+01
4.000542068481445312e+01
4.957439041137695312e+01
5.256007003784179688e+01
4.674947357177734375e+01
3.990509033203125000e+01
4.934362411499023438e+01
5.246818161010742188e+01
4.652490615844726562e+01
3.984023666381835938e+01
4.904412078857421875e+01
5.229721069335937500e+01
4.626824569702148438e+01
3.975018692016601562e+01
4.868787765502929688e+01
5.217407226562500000e+01
4.604594802856445312e+01
3.961186981201171875e+01
4.824028778076171875e+01
5.208364486694335938e+01
4.584033203125000000e+01
3.957234954833984375e+01
4.791739273071289062e+01
5.195750808715820312e+01
3.692448043823242188e+01
4.589587402343750000e+01
3.329111480712890625e+01
5.972113037109375000e+01
3.319288635253906250e+01
4.187786865234375000e+01
3.320569992065429688e+01
5.907966995239257812e+01
3.235355377197265625e+01
4.064945602416992188e+01
3.323824310302734375e+01
5.841109848022460938e+01
3.186139297485351562e+01
4.065246200561523438e+01
3.347201538085937500e+01
5.792313385009765625e+01
3.151183891296386719e+01
4.048086166381835938e+01
3.369390487670898438e+01
5.731239700317382812e+01
3.127673149108886719e+01
4.061000823974609375e+01
3.386687469482421875e+01
5.713678741455078125e+01
3.111414337158203125e+01
4.112114334106445312e+01
3.405879211425781250e+01
5.719731521606445312e+01
3.099794578552246094e+01
4.161411666870117188e+01
3.419146347045898438e+01
5.707291793823242188e+01
3.090699768066406250e+01
4.197236633300781250e+01
3.430911254882812500e+01
5.692893981933593750e+01
3.083042335510253906e+01
4.206692123413085938e+01
3.445920562744140625e+01
5.701605987548828125e+01
3.084455680847167969e+01
4.257335662841796875e+01
3.472127532958984375e+01
5.696551895141601562e+01
3.082259941101074219e+01
4.290184020996093750e+01
3.490875244140625000e+01
5.693814849853515625e+01
3.088746452331542969e+01
4.323292541503906250e+01
3.507265472412109375e+01
5.700238418579101562e+01
3.094795036315917969e+01
4.385127258300781250e+01
3.514680099487304688e+01
5.707407760620117188e+01
3.099073410034179688e+01
4.425301742553710938e+01
3.538282394409179688e+01
5.712598037719726562e+01
3.096150016784667969e+01
4.466858673095703125e+01
3.537875747680664062e+01
5.705894851684570312e+01
3.099766540527343750e+01
4.490405654907226562e+01
3.539174270629882812e+01
5.699909973144531250e+01
3.104887580871582031e+01
4.508792495727539062e+01
3.556782150268554688e+01
5.710775756835937500e+01
3.110104751586914062e+01
4.538723754882812500e+01
3.562508010864257812e+01
5.710538864135742188e+01
3.116687965393066406e+01
4.557689285278320312e+01
3.579920196533203125e+01
5.733310699462890625e+01
3.124394035339355469e+01
4.591311645507812500e+01
3.600127029418945312e+01
5.729053878784179688e+01
3.131176567077636719e+01
4.606690597534179688e+01
3.616230010986328125e+01
5.722425079345703125e+01
3.142021369934082031e+01
4.612442398071289062e+01
3.636445236206054688e+01
5.725820159912109375e+01
3.158285140991210938e+01
4.621502685546875000e+01
3.653625488281250000e+01
5.713714981079101562e+01
3.169400596618652344e+01
4.643955612182617188e+01
3.674103164672851562e+01
5.719394683837890625e+01
3.190884208679199219e+01
4.658554458618164062e+01
3.698396301269531250e+01
5.715040206909179688e+01
3.203440093994140625e+01
4.672359085083007812e+01
3.720750045776367188e+01
5.705267333984375000e+01
3.222838211059570312e+01
4.690285491943359375e+01
3.746809387207031250e+01
5.681137847900390625e+01
3.244212722778320312e+01
4.695315551757812500e+01
3.782616043090820312e+01
5.668883895874023438e+01
3.262302017211914062e+01
4.712040710449218750e+01
3.812984085083007812e+01
5.653604507446289062e+01
3.270072937011718750e+01
4.704279327392578125e+01
3.839402770996093750e+01
5.627790832519531250e+01
3.284511947631835938e+01
4.721011352539062500e+01
3.872380065917968750e+01
5.609598922729492188e+01
3.299074172973632812e+01
4.724633789062500000e+01
3.906239700317382812e+01
5.595318603515625000e+01
3.302652359008789062e+01
4.722733306884765625e+01
3.938293075561523438e+01
5.571161651611328125e+01
3.318555068969726562e+01
4.748908615112304688e+01
3.972764205932617188e+01
5.562633514404296875e+01
3.333548355102539062e+01
4.745290374755859375e+01
4.015110778808593750e+01
5.537943649291992188e+01
3.352640914916992188e+01
4.757054138183593750e+01
4.058010101318359375e+01
5.509286880493164062e+01
3.359327697753906250e+01
4.755348205566406250e+01
4.104462051391601562e+01
5.470418930053710938e+01
3.371757507324218750e+01
4.753450012207031250e+01
4.154796600341796875e+01
5.435821151733398438e+01
3.396915435791015625e+01
4.756993484497070312e+01
4.193647766113281250e+01
5.390978622436523438e+01
4.006246185302734375e+01
3.086181831359863281e+01
3.365728378295898438e+01
4.921024703979492188e+01
5.482494354248046875e+01
3.002553367614746094e+01
3.748346710205078125e+01
4.388679504394531250e+01
3.481522750854492188e+01
2.899899673461914062e+01
3.586162185668945312e+01
4.471903610229492188e+01
3.732600402832031250e+01
2.943002319335937500e+01
3.877199935913085938e+01
3.952011871337890625e+01
3.921668624877929688e+01
3.110594558715820312e+01
4.072617721557617188e+01
3.922677612304687500e+01
4.419327163696289062e+01
3.065596389770507812e+01
4.202359390258789062e+01
3.744713211059570312e+01
4.612453079223632812e+01
3.173945236206054688e+01
4.320025253295898438e+01
3.657683181762695312e+01
4.619447708129882812e+01
3.327042007446289062e+01
4.394152069091796875e+01
3.596946334838867188e+01
4.671084976196289062e+01
3.338714599609375000e+01
4.480507278442382812e+01
3.581784820556640625e+01
4.652504348754882812e+01
3.366323852539062500e+01
4.555054473876953125e+01
3.490220260620117188e+01
4.740154647827148438e+01
3.371257400512695312e+01
4.607741546630859375e+01
3.401669692993164062e+01
4.744891738891601562e+01
3.358255004882812500e+01
4.705438232421875000e+01
3.403874206542968750e+01
4.740383529663085938e+01
3.318824386596679688e+01
4.689541244506835938e+01
3.319890594482421875e+01
4.760881423950195312e+01
3.298115158081054688e+01
4.683552932739257812e+01
3.279694747924804688e+01
4.790292358398437500e+01
3.266377639770507812e+01
4.689747238159179688e+01
3.255088806152343750e+01
4.804006958007812500e+01
3.204433441162109375e+01
4.630373382568359375e+01
3.240995788574218750e+01
4.809990310668945312e+01
3.190179443359375000e+01
4.662546920776367188e+01
3.223172760009765625e+01
4.732738876342773438e+01
3.124979019165039062e+01
4.556349563598632812e+01
3.204693603515625000e+01
4.678504562377929688e+01
3.107789611816406250e+01
4.510700988769531250e+01
3.191148948669433594e+01
4.563234710693359375e+01
3.046102523803710938e+01
4.595421218872070312e+01
3.186221885681152344e+01
4.534904479980468750e+01
3.024490356445312500e+01
4.559667205810546875e+01
3.209786605834960938e+01
4.536923599243164062e+01
3.031527519226074219e+01
4.463896179199218750e+01
3.212743377685546875e+01
4.501153564453125000e+01
3.005660629272460938e+01
4.392966461181640625e+01
3.201919555664062500e+01
4.672974014282226562e+01
2.975892066955566406e+01
4.396910095214843750e+01
3.185511398315429688e+01
4.584980392456054688e+01
2.973752593994140625e+01
4.351231002807617188e+01
3.196263885498046875e+01
4.625280380249023438e+01
2.967370986938476562e+01
4.318799972534179688e+01
3.174702072143554688e+01
4.717404174804687500e+01
2.939847564697265625e+01
4.186787033081054688e+01
3.173862838745117188e+01
4.740401840209960938e+01
2.926321029663085938e+01
4.105255126953125000e+01
3.156804275512695312e+01
4.678903961181640625e+01
2.934725189208984375e+01
4.017507553100585938e+01
3.146453285217285156e+01
4.704052734375000000e+01
2.881817817687988281e+01
3.957406616210937500e+01
3.149107933044433594e+01
4.606663131713867188e+01
2.849918556213378906e+01
3.931839752197265625e+01
3.156892967224121094e+01
4.637556457519531250e+01
2.851484680175781250e+01
3.940269851684570312e+01
3.190792655944824219e+01
4.590028381347656250e+01
2.819631958007812500e+01
3.759821319580078125e+01
3.186901473999023438e+01
4.514634323120117188e+01
2.802790832519531250e+01
3.659957122802734375e+01
3.214554214477539062e+01
4.556576919555664062e+01
2.812037658691406250e+01
3.594993209838867188e+01
3.241559600830078125e+01
4.565103530883789062e+01
2.788966178894042969e+01
3.556214523315429688e+01
3.264553070068359375e+01
4.571136093139648438e+01
2.783937072753906250e+01
3.499544906616210938e+01
3.287210083007812500e+01
4.568078231811523438e+01
2.764537620544433594e+01
3.455604171752929688e+01
3.326328277587890625e+01
4.530101394653320312e+01
2.768058776855468750e+01
3.395901489257812500e+01
3.319982528686523438e+01
4.515159988403320312e+01
2.735795783996582031e+01
3.313545989990234375e+01
3.320895767211914062e+01
4.154351806640625000e+01
4.210308074951171875e+01
3.722263336181640625e+01
8.304396820068359375e+01
6.986320495605468750e+01
6.422213745117187500e+01
7.346096038818359375e+01
5.204695510864257812e+01
5.348524093627929688e+01
4.475135421752929688e+01
3.439717102050781250e+01
5.507134628295898438e+01
5.155267715454101562e+01
5.003382873535156250e+01
3.536726760864257812e+01
4.960428237915039062e+01
4.690003585815429688e+01
4.309086608886718750e+01
4.037712478637695312e+01
6.503380584716796875e+01
4.234429931640625000e+01
5.038537216186523438e+01
3.094027900695800781e+01
5.944762802124023438e+01
4.641466140747070312e+01
5.877390670776367188e+01
3.579006195068359375e+01
5.896356582641601562e+01
5.545413970947265625e+01
6.464905548095703125e+01
3.471674346923828125e+01
5.799752807617187500e+01
5.188791275024414062e+01
5.765910720825195312e+01
3.683668136596679688e+01
6.253154373168945312e+01
5.621291732788085938e+01
5.949392318725585938e+01
3.424163818359375000e+01
7.367563629150390625e+01
5.584481811523437500e+01
5.253698348999023438e+01
3.569610595703125000e+01
6.258254241943359375e+01
5.656546401977539062e+01
4.832052993774414062e+01
3.610628890991210938e+01
5.451231002807617188e+01
4.694202423095703125e+01
4.313232803344726562e+01
3.305775451660156250e+01
4.907328033447265625e+01
4.009617614746093750e+01
4.296418380737304688e+01
3.728298950195312500e+01
4.980602264404296875e+01
3.995691299438476562e+01
3.694092559814453125e+01
4.063310623168945312e+01
3.141659545898437500e+01
2.626142311096191406e+01
4.542381286621093750e+01
3.258962631225585938e+01
3.787896347045898438e+01
2.844289016723632812e+01
3.080632209777832031e+01
4.647172546386718750e+01
4.196596908569335938e+01
4.154191207885742188e+01
3.857136535644531250e+01
3.109463882446289062e+01
4.008009338378906250e+01
4.476226043701171875e+01
2.935264396667480469e+01
2.563499450683593750e+01
4.188883590698242188e+01
4.257489776611328125e+01
3.100003051757812500e+01
2.452768325805664062e+01
3.903998184204101562e+01
2.835366821289062500e+01
3.668895721435546875e+01
4.314857101440429688e+01
2.958456611633300781e+01
3.023603248596191406e+01
2.385278129577636719e+01
3.892918014526367188e+01
3.766284942626953125e+01
3.145089912414550781e+01
2.446815681457519531e+01
4.438304519653320312e+01
3.388043975830078125e+01
3.167070198059082031e+01
2.576348304748535156e+01
3.911373519897460938e+01
4.615450668334960938e+01
3.604248428344726562e+01
3.151204109191894531e+01
2.881488800048828125e+01
2.429758262634277344e+01
4.249308395385742188e+01
3.503686141967773438e+01
2.810074615478515625e+01
2.758901023864746094e+01
2.557757186889648438e+01
3.176935005187988281e+01
5.068974685668945312e+01
3.989924240112304688e+01
2.960666084289550781e+01
2.496285820007324219e+01
3.595326995849609375e+01
6.037480545043945312e+01
4.503965377807617188e+01
3.201035308837890625e+01
3.695932006835937500e+01
8.167703247070312500e+01
4.675389480590820312e+01
2.939055061340332031e+01
2.316015052795410156e+01
2.272974967956542969e+01
4.698916625976562500e+01
8.508767700195312500e+01
5.173062133789062500e+01
2.986361694335937500e+01
4.789756393432617188e+01
8.826120758056640625e+01
4.879341888427734375e+01
4.902006149291992188e+01
3.210528564453125000e+01
5.287104797363281250e+01
1.081887207031250000e+02
4.143911743164062500e+01
4.259571456909179688e+01
2.973190116882324219e+01
1.024872436523437500e+02
4.138686752319335938e+01
4.045784378051757812e+01
2.281669235229492188e+01
6.767387390136718750e+01
7.109685516357421875e+01
9.766815948486328125e+01
3.980998611450195312e+01
2.874576377868652344e+01
2.141151618957519531e+01
9.462976837158203125e+01
3.326801681518554688e+01
3.605540084838867188e+01
2.497776031494140625e+01
8.179914855957031250e+01
9.208878326416015625e+01
3.862692260742187500e+01
4.483787918090820312e+01
2.748082351684570312e+01
8.260210418701171875e+01
9.228807830810546875e+01
3.383035659790039062e+01
4.308184814453125000e+01
2.582436180114746094e+01
8.652485656738281250e+01
3.292035675048828125e+01
4.239411163330078125e+01
2.512503433227539062e+01
8.374684906005859375e+01
3.121125411987304688e+01
3.642385482788085938e+01
2.295217704772949219e+01
8.019836425781250000e+01
3.020697784423828125e+01
3.794027328491210938e+01
2.363140678405761719e+01
7.871447753906250000e+01
4.381450653076171875e+01
3.876771545410156250e+01
2.456927680969238281e+01
6.833116912841796875e+01
7.212403106689453125e+01
2.851717376708984375e+01
4.782352066040039062e+01
9.421062469482421875e+01
3.256919097900390625e+01
2.507366180419921875e+01
2.994943809509277344e+01
4.149310302734375000e+01
1.137843933105468750e+02
3.992348098754882812e+01
5.841450881958007812e+01
3.619923019409179688e+01
9.843887329101562500e+01
2.947425270080566406e+01
2.276625061035156250e+01
6.820966339111328125e+01
3.536728286743164062e+01
1.000328979492187500e+02
3.284629058837890625e+01
5.518895339965820312e+01
3.219799423217773438e+01
1.011480102539062500e+02
3.250099945068359375e+01
3.630661392211914062e+01
2.651536941528320312e+01
2.438549613952636719e+01
2.431576919555664062e+01
9.665131378173828125e+01
2.207050514221191406e+01
3.857207107543945312e+01
2.663879394531250000e+01
9.137604522705078125e+01
2.140121841430664062e+01
3.784767532348632812e+01
4.215081024169921875e+01
3.238309860229492188e+01
2.573002052307128906e+01
8.861500549316406250e+01
2.134610748291015625e+01
2.349847602844238281e+01
4.694681167602539062e+01
2.553144073486328125e+01
3.370555877685546875e+01
8.549630737304687500e+01
2.176817512512207031e+01
4.453437042236328125e+01
3.734204483032226562e+01
2.387515449523925781e+01
4.671846389770507812e+01
2.547607421875000000e+01
3.363750076293945312e+01
7.981512451171875000e+01
2.272606658935546875e+01
2.400750923156738281e+01
2.504817581176757812e+01
7.378775787353515625e+01
2.585916137695312500e+01
2.489336013793945312e+01
4.820803070068359375e+01
3.160654449462890625e+01
2.469522285461425781e+01
3.407695388793945312e+01
6.842697906494140625e+01
2.791970634460449219e+01
4.859826278686523438e+01
2.625539588928222656e+01
2.477208518981933594e+01
3.034260368347167969e+01
5.892587661743164062e+01
3.149536132812500000e+01
3.146730422973632812e+01
2.412641716003417969e+01
2.787886047363281250e+01
3.664248275756835938e+01
3.993790054321289062e+01
3.484623718261718750e+01
3.897926712036132812e+01
5.868157196044921875e+01
3.981430816650390625e+01
3.548815917968750000e+01
3.645109176635742188e+01
7.583058929443359375e+01
2.653685379028320312e+01
3.684698867797851562e+01
3.385404205322265625e+01
6.393805313110351562e+01
3.210403060913085938e+01
6.808859252929687500e+01
7.250288391113281250e+01
2.589656639099121094e+01
3.043804550170898438e+01
4.674163818359375000e+01
3.158089065551757812e+01
4.458906555175781250e+01
7.104944610595703125e+01
2.545211601257324219e+01
2.933469772338867188e+01
4.357415390014648438e+01
6.958477783203125000e+01
2.489192199707031250e+01
2.970043945312500000e+01
3.638220596313476562e+01
6.920839691162109375e+01
2.468083572387695312e+01
2.744155693054199219e+01
2.948039627075195312e+01
2.841266822814941406e+01
3.346962356567382812e+01
6.810542297363281250e+01
2.538337707519531250e+01
2.658062553405761719e+01
2.978077507019042969e+01
2.609718704223632812e+01
3.176621055603027344e+01
6.615160369873046875e+01
2.735946273803710938e+01
3.065809440612792969e+01
3.198103713989257812e+01
6.464764404296875000e+01
2.455063629150390625e+01
2.434395408630371094e+01
2.695630264282226562e+01
3.026220130920410156e+01
5.884519577026367188e+01
2.278039741516113281e+01
2.584784126281738281e+01
2.598954582214355469e+01
3.157501602172851562e+01
4.086204147338867188e+01
5.902826690673828125e+01
2.174216651916503906e+01
2.642180442810058594e+01
2.846854591369628906e+01
3.060384750366210938e+01
2.679687118530273438e+01
3.276186370849609375e+01
2.405604553222656250e+01
5.328489685058593750e+01
2.369060134887695312e+01
2.499175834655761719e+01
3.950691986083984375e+01
2.245666313171386719e+01
3.018396949768066406e+01
6.451812744140625000e+01
2.741007423400878906e+01
3.469707489013671875e+01
2.854460906982421875e+01
4.370761489868164062e+01
7.244702911376953125e+01
2.967601013183593750e+01
4.237296676635742188e+01
2.424649047851562500e+01
3.113043785095214844e+01
2.384591484069824219e+01
6.128805541992187500e+01
8.712829589843750000e+01
3.620359802246093750e+01
3.405398178100585938e+01
3.471809768676757812e+01
8.452448272705078125e+01
2.422988510131835938e+01
3.750910568237304688e+01
2.779284477233886719e+01
5.032366561889648438e+01
2.693790435791015625e+01
2.557788467407226562e+01
2.996124458312988281e+01
7.116342163085937500e+01
2.355523681640625000e+01
5.820520401000976562e+01
2.453714942932128906e+01
2.872123336791992188e+01
3.121552276611328125e+01
7.454132080078125000e+01
2.327564430236816406e+01
5.683821868896484375e+01
2.933303260803222656e+01
5.857779312133789062e+01
3.426831054687500000e+01
6.653047943115234375e+01
2.796201515197753906e+01
5.609201431274414062e+01
4.399937057495117188e+01
6.499455261230468750e+01
3.123959541320800781e+01
2.685283470153808594e+01
3.270059204101562500e+01
5.263538742065429688e+01
4.751812362670898438e+01
6.497196960449218750e+01
3.340670394897460938e+01
4.892624282836914062e+01
5.373981475830078125e+01
6.803979492187500000e+01
3.606277084350585938e+01
4.490904998779296875e+01
5.389588165283203125e+01
6.687806701660156250e+01
3.588486480712890625e+01
4.906199645996093750e+01
5.883536148071289062e+01
6.940919494628906250e+01
3.618839263916015625e+01
5.130558776855468750e+01
5.340708160400390625e+01
6.241876983642578125e+01
3.936415863037109375e+01
4.819880294799804688e+01
3.939312744140625000e+01
6.171432113647460938e+01
3.520283889770507812e+01
4.735653686523437500e+01
3.373590469360351562e+01
5.371075439453125000e+01
3.869728469848632812e+01
4.205784988403320312e+01
2.558023262023925781e+01
4.943101882934570312e+01
4.544028472900390625e+01
3.156539535522460938e+01
3.677687072753906250e+01
4.532183456420898438e+01
4.378986740112304688e+01
2.943889808654785156e+01
4.602593231201171875e+01
4.122241592407226562e+01
4.789733505249023438e+01
4.522534561157226562e+01
6.026271820068359375e+01
3.842098617553710938e+01
5.082643127441406250e+01
5.898580551147460938e+01
6.798465728759765625e+01
3.609999465942382812e+01
5.072960662841796875e+01
7.039231109619140625e+01
6.735543823242187500e+01
3.572709655761718750e+01
5.634936904907226562e+01
6.488883972167968750e+01
5.781739807128906250e+01
3.295035552978515625e+01
4.887060546875000000e+01
5.864538192749023438e+01
4.523138046264648438e+01
3.176550102233886719e+01
5.836631393432617188e+01
4.328076934814453125e+01
3.891453552246093750e+01
3.269829177856445312e+01
5.676889419555664062e+01
3.796083068847656250e+01
2.995217323303222656e+01
3.300724029541015625e+01
5.294858932495117188e+01
3.396224975585937500e+01
3.457124710083007812e+01
3.304253005981445312e+01
4.137260818481445312e+01
3.034049224853515625e+01
4.465623474121093750e+01
3.147204399108886719e+01
4.169391632080078125e+01
4.170214843750000000e+01
5.525166702270507812e+01
3.086827659606933594e+01
3.786643218994140625e+01
4.506074905395507812e+01
6.331063079833984375e+01
2.999432373046875000e+01
3.095571136474609375e+01
4.447895050048828125e+01
6.603707122802734375e+01
2.854342269897460938e+01
2.638496971130371094e+01
3.996379470825195312e+01
6.758851623535156250e+01
2.901342964172363281e+01
2.652490425109863281e+01
3.772406768798828125e+01
6.627145385742187500e+01
3.153368377685546875e+01
2.654378509521484375e+01
3.550423431396484375e+01
6.154825973510742188e+01
3.466061019897460938e+01
2.752023696899414062e+01
3.217190551757812500e+01
6.120082092285156250e+01
