7.098921203613281250e+01
6.946774291992187500e+01
5.908931350708007812e+01
5.850603866577148438e+01
7.014601135253906250e+01
6.705828094482421875e+01
5.566419219970703125e+01
5.479678344726562500e+01
6.347146224975585938e+01
6.630590057373046875e+01
5.300200271606445312e+01
5.283986282348632812e+01
6.049937057495117188e+01
6.584444427490234375e+01
5.077906036376953125e+01
5.131278610229492188e+01
5.842620086669921875e+01
6.587370300292968750e+01
4.918130493164062500e+01
5.021128463745117188e+01
5.724731826782226562e+01
6.624462127685546875e+01
4.786009597778320312e+01
4.932491302490234375e+01
5.605402755737304688e+01
6.620133209228515625e+01
4.668703460693359375e+01
4.859488677978515625e+01
5.490531539916992188e+01
6.597080230712890625e+01
4.566595458984375000e+01
4.798240280151367188e+01
5.389076232910156250e+01
6.562256622314453125e+01
4.481203460693359375e+01
4.750147628784179688e+01
5.285760879516601562e+01
6.509131622314453125e+01
4.403532791137695312e+01
4.705394744873046875e+01
5.206635665893554688e+01
6.437767791748046875e+01
4.331081390380859375e+01
4.659464645385742188e+01
5.123641586303710938e+01
6.376508712768554688e+01
4.265821075439453125e+01
4.619229125976562500e+01
5.054267120361328125e+01
6.305689239501953125e+01
4.206883621215820312e+01
4.575275421142578125e+01
4.978247833251953125e+01
6.232837295532226562e+01
4.154929351806640625e+01
4.533145141601562500e+01
4.904624938964843750e+01
6.161820220947265625e+01
4.107784652709960938e+01
4.494667053222656250e+01
4.835994720458984375e+01
6.091670608520507812e+01
4.060669708251953125e+01
4.450415802001953125e+01
4.779192352294921875e+01
6.022745132446289062e+01
4.018996810913085938e+01
4.411280059814453125e+01
4.723062515258789062e+01
5.948966598510742188e+01
3.977920913696289062e+01
4.376972961425781250e+01
4.663631439208984375e+01
5.879776382446289062e+01
3.937847900390625000e+01
4.337973403930664062e+01
4.605878448486328125e+01
5.801846313476562500e+01
3.902122497558593750e+01
4.308045959472656250e+01
4.552440643310546875e+01
5.732962036132812500e+01
3.873877716064453125e+01
4.283306503295898438e+01
4.504772949218750000e+01
5.638939666748046875e+01
3.846933746337890625e+01
4.254827499389648438e+01
4.457373046875000000e+01
5.548333740234375000e+01
3.822995758056640625e+01
4.231177139282226562e+01
4.422123336791992188e+01
5.458001708984375000e+01
3.797901916503906250e+01
4.216841888427734375e+01
4.392858123779296875e+01
5.362015533447265625e+01
3.774577713012695312e+01
4.201175689697265625e+01
4.368821334838867188e+01
5.276874160766601562e+01
3.750457000732421875e+01
4.201230621337890625e+01
4.343914031982421875e+01
5.181746673583984375e+01
3.729211425781250000e+01
4.197478485107421875e+01
4.329056549072265625e+01
5.091676330566406250e+01
3.712095642089843750e+01
4.198918533325195312e+01
4.313474655151367188e+01
4.993301773071289062e+01
3.691519546508789062e+01
4.213632202148437500e+01
4.297326278686523438e+01
4.899362182617187500e+01
3.668743133544921875e+01
4.211887741088867188e+01
4.288473892211914062e+01
4.805863571166992188e+01
3.649658966064453125e+01
4.215835952758789062e+01
4.283960723876953125e+01
4.685560989379882812e+01
3.627946472167968750e+01
4.232963180541992188e+01
4.292349624633789062e+01
4.579751205444335938e+01
3.607457733154296875e+01
4.246889877319335938e+01
4.296185302734375000e+01
4.471144485473632812e+01
3.587362289428710938e+01
4.272485733032226562e+01
4.307347488403320312e+01
4.369094085693359375e+01
3.566537857055664062e+01
4.295275497436523438e+01
4.306617355346679688e+01
4.275146484375000000e+01
3.545983886718750000e+01
4.319126510620117188e+01
4.315093612670898438e+01
4.179063415527343750e+01
3.526462554931640625e+01
4.350311660766601562e+01
4.316957092285156250e+01
4.091110610961914062e+01
3.507992172241210938e+01
4.366121292114257812e+01
4.318416976928710938e+01
4.006090164184570312e+01
3.492196273803710938e+01
4.396224212646484375e+01
4.331954574584960938e+01
3.929964828491210938e+01
3.475589370727539062e+01
4.414696502685546875e+01
5.318896484375000000e+01
3.676727676391601562e+01
4.464672088623046875e+01
5.066625595092773438e+01
4.936444854736328125e+01
3.331329345703125000e+01
3.720362472534179688e+01
4.607892990112304688e+01
4.190000915527343750e+01
3.482521438598632812e+01
3.384659194946289062e+01
4.264807891845703125e+01
3.819110107421875000e+01
3.543013763427734375e+01
3.248829650878906250e+01
4.051242828369140625e+01
3.612118530273437500e+01
3.536914825439453125e+01
3.191269874572753906e+01
3.913793182373046875e+01
3.506552124023437500e+01
3.490354156494140625e+01
3.144005203247070312e+01
3.814005661010742188e+01
3.425606155395507812e+01
3.426400375366210938e+01
3.105155372619628906e+01
3.746479415893554688e+01
3.367736816406250000e+01
3.381023025512695312e+01
3.080533027648925781e+01
3.703519058227539062e+01
3.315821075439453125e+01
3.325799942016601562e+01
3.063620948791503906e+01
3.653944396972656250e+01
3.267324066162109375e+01
3.278364181518554688e+01
3.044717216491699219e+01
3.613005065917968750e+01
3.231377410888671875e+01
3.237926483154296875e+01
3.027233695983886719e+01
3.603118133544921875e+01
3.208436203002929688e+01
3.181550407409667969e+01
3.014089775085449219e+01
3.587128448486328125e+01
3.187322044372558594e+01
3.152570533752441406e+01
3.001704597473144531e+01
3.574816894531250000e+01
3.169719123840332031e+01
3.118402862548828125e+01
2.987721824645996094e+01
3.559825134277343750e+01
3.147049522399902344e+01
3.086944389343261719e+01
2.979219055175781250e+01
3.568348693847656250e+01
3.129014968872070312e+01
3.050555992126464844e+01
2.963099288940429688e+01
3.563092041015625000e+01
3.111058616638183594e+01
3.015013694763183594e+01
2.942395782470703125e+01
3.560304260253906250e+01
3.100602531433105469e+01
2.992263603210449219e+01
2.926269912719726562e+01
3.581689071655273438e+01
3.091473579406738281e+01
2.959635734558105469e+01
2.914896202087402344e+01
3.587751388549804688e+01
3.080419540405273438e+01
2.928261375427246094e+01
2.898311424255371094e+01
3.589636611938476562e+01
3.074972534179687500e+01
2.902351188659667969e+01
2.884012413024902344e+01
3.586280441284179688e+01
3.061908721923828125e+01
2.872139549255371094e+01
2.871637725830078125e+01
3.587948226928710938e+01
3.051348114013671875e+01
2.849807167053222656e+01
2.861192703247070312e+01
3.596265792846679688e+01
3.043805694580078125e+01
2.833994293212890625e+01
2.850010108947753906e+01
3.599456787109375000e+01
3.040367507934570312e+01
2.819734573364257812e+01
2.840834236145019531e+01
3.598718261718750000e+01
3.031596183776855469e+01
2.805834007263183594e+01
2.828466224670410156e+01
3.591202163696289062e+01
3.029202842712402344e+01
2.796591949462890625e+01
2.819825744628906250e+01
3.592154693603515625e+01
3.024240303039550781e+01
2.787266731262207031e+01
2.810448646545410156e+01
3.590973663330078125e+01
3.013857269287109375e+01
2.773321342468261719e+01
2.801483154296875000e+01
3.573912811279296875e+01
3.010693359375000000e+01
2.762074089050292969e+01
2.789995765686035156e+01
3.571190261840820312e+01
3.002755928039550781e+01
2.750454330444335938e+01
2.780611228942871094e+01
3.557901382446289062e+01
2.994008636474609375e+01
2.741390800476074219e+01
2.772460365295410156e+01
3.565976715087890625e+01
2.985216903686523438e+01
2.730449676513671875e+01
2.762270927429199219e+01
3.566201782226562500e+01
2.974543571472167969e+01
2.721003913879394531e+01
2.754805564880371094e+01
3.567792129516601562e+01
2.970849609375000000e+01
2.713052558898925781e+01
2.746183395385742188e+01
3.556994628906250000e+01
2.961243820190429688e+01
2.708465194702148438e+01
2.740021133422851562e+01
3.550138473510742188e+01
2.952582931518554688e+01
2.699741554260253906e+01
2.731456184387207031e+01
3.553827667236328125e+01
2.943962669372558594e+01
2.689555740356445312e+01
2.725393676757812500e+01
3.543184661865234375e+01
2.935292816162109375e+01
2.683184623718261719e+01
2.717530441284179688e+01
3.530368804931640625e+01
2.932198715209960938e+01
2.676988983154296875e+01
2.710779190063476562e+01
3.532812881469726562e+01
2.760792160034179688e+01
6.449295043945312500e+01
3.290009307861328125e+01
5.216522598266601562e+01
3.111318588256835938e+01
5.322880172729492188e+01
3.541418457031250000e+01
4.826586151123046875e+01
3.340555191040039062e+01
4.949951171875000000e+01
3.662624359130859375e+01
4.633768081665039062e+01
3.455326461791992188e+01
4.719263076782226562e+01
3.738861465454101562e+01
4.457656478881835938e+01
3.520468139648437500e+01
4.558402633666992188e+01
3.803914642333984375e+01
4.294025039672851562e+01
3.548208999633789062e+01
4.421175765991210938e+01
3.857051467895507812e+01
4.129959487915039062e+01
3.573785400390625000e+01
4.271193695068359375e+01
3.872315216064453125e+01
4.035159301757812500e+01
3.569813537597656250e+01
4.138177871704101562e+01
3.887715148925781250e+01
3.965176773071289062e+01
3.572101974487304688e+01
4.048871231079101562e+01
3.893471908569335938e+01
3.888215637207031250e+01
3.562490463256835938e+01
3.970708847045898438e+01
3.865235519409179688e+01
3.801288223266601562e+01
3.545814514160156250e+01
3.897932434082031250e+01
3.849340438842773438e+01
3.720743942260742188e+01
3.526438140869140625e+01
3.834427261352539062e+01
3.821662521362304688e+01
3.664346313476562500e+01
3.499523925781250000e+01
3.770319747924804688e+01
3.782635879516601562e+01
3.623590087890625000e+01
3.470512008666992188e+01
3.725081634521484375e+01
3.748934936523437500e+01
3.585718536376953125e+01
3.445984268188476562e+01
3.697718048095703125e+01
3.705601501464843750e+01
3.522383499145507812e+01
3.404854583740234375e+01
3.655652999877929688e+01
3.653887557983398438e+01
3.498397827148437500e+01
3.363666534423828125e+01
3.620239639282226562e+01
3.625054550170898438e+01
3.478265762329101562e+01
3.332328414916992188e+01
3.575624847412109375e+01
3.580531692504882812e+01
3.429097366333007812e+01
3.291567611694335938e+01
3.533931350708007812e+01
3.540800476074218750e+01
3.409057235717773438e+01
3.257391738891601562e+01
3.519152832031250000e+01
3.500536346435546875e+01
3.382042694091796875e+01
3.221427536010742188e+01
3.504969787597656250e+01
3.456303405761718750e+01
3.358045578002929688e+01
3.179242515563964844e+01
3.491180801391601562e+01
3.429905700683593750e+01
3.337760925292968750e+01
3.149568557739257812e+01
3.473934936523437500e+01
3.385460662841796875e+01
3.320833587646484375e+01
3.113090896606445312e+01
3.458483886718750000e+01
3.357062911987304688e+01
3.312012481689453125e+01
3.082552528381347656e+01
3.438932418823242188e+01
3.330387878417968750e+01
3.302714157104492188e+01
3.063158798217773438e+01
3.429747009277343750e+01
3.297793197631835938e+01
3.290351104736328125e+01
3.039921569824218750e+01
3.406035614013671875e+01
3.271062088012695312e+01
3.273805236816406250e+01
3.016415596008300781e+01
3.393849945068359375e+01
3.239121246337890625e+01
3.255908584594726562e+01
2.996950149536132812e+01
3.385658264160156250e+01
3.215060806274414062e+01
3.229724121093750000e+01
2.969376182556152344e+01
3.358963394165039062e+01
3.192751121520996094e+01
3.223759460449218750e+01
2.953255653381347656e+01
3.343701934814453125e+01
3.170084381103515625e+01
3.210624694824218750e+01
2.930514144897460938e+01
3.331225967407226562e+01
3.140456962585449219e+01
3.216288375854492188e+01
2.907915115356445312e+01
3.308068847656250000e+01
3.125074195861816406e+01
3.197141456604003906e+01
2.890755462646484375e+01
3.300696945190429688e+01
3.114527893066406250e+01
3.186703872680664062e+01
2.878027343750000000e+01
3.286523437500000000e+01
3.091572761535644531e+01
3.185130882263183594e+01
2.857131958007812500e+01
3.278450012207031250e+01
3.076139640808105469e+01
3.178147315979003906e+01
2.841456985473632812e+01
3.275023651123046875e+01
3.057587814331054688e+01
3.166492843627929688e+01
2.823505401611328125e+01
3.268491744995117188e+01
3.034029579162597656e+01
3.157135963439941406e+01
2.808676528930664062e+01
3.256801223754882812e+01
3.005241203308105469e+01
3.150314521789550781e+01
2.794921302795410156e+01
3.255178833007812500e+01
2.984852790832519531e+01
3.140333938598632812e+01
2.251192092895507812e+01
3.899154281616210938e+01
2.231501960754394531e+01
3.846090698242187500e+01
2.158027267456054688e+01
3.504378128051757812e+01
2.169459915161132812e+01
3.812819290161132812e+01
2.120020675659179688e+01
3.389562988281250000e+01
2.137009429931640625e+01
3.770290374755859375e+01
2.094621849060058594e+01
3.397136306762695312e+01
2.128271293640136719e+01
3.735825729370117188e+01
2.075088500976562500e+01
3.384733581542968750e+01
2.124411201477050781e+01
3.691117858886718750e+01
2.057775497436523438e+01
3.401205444335937500e+01
2.123078155517578125e+01
3.679830169677734375e+01
2.038885116577148438e+01
3.456016540527343750e+01
2.125975036621093750e+01
3.687462997436523438e+01
2.021962547302246094e+01
3.507597351074218750e+01
2.127989959716796875e+01
3.680705642700195312e+01
2.006066703796386719e+01
3.546284103393554688e+01
2.131174659729003906e+01
3.671627426147460938e+01
1.989490699768066406e+01
3.557695007324218750e+01
2.136227607727050781e+01
3.680536651611328125e+01
1.975616455078125000e+01
3.609991073608398438e+01
2.147560501098632812e+01
3.678380203247070312e+01
1.962739753723144531e+01
3.644217300415039062e+01
2.157217979431152344e+01
3.677920913696289062e+01
1.952312660217285156e+01
3.679046249389648438e+01
2.166051483154296875e+01
3.686642456054687500e+01
1.942318916320800781e+01
3.740813827514648438e+01
2.170411682128906250e+01
3.694507598876953125e+01
1.935942077636718750e+01
3.780773544311523438e+01
2.185164833068847656e+01
3.701312255859375000e+01
1.928379631042480469e+01
3.820934677124023438e+01
2.186093902587890625e+01
3.697832107543945312e+01
1.923077201843261719e+01
3.844036865234375000e+01
2.187221527099609375e+01
3.693298339843750000e+01
1.919767951965332031e+01
3.861777496337890625e+01
2.198885536193847656e+01
3.705820465087890625e+01
1.916400146484375000e+01
3.891692352294921875e+01
2.203212165832519531e+01
3.705105972290039062e+01
1.914712333679199219e+01
3.908630752563476562e+01
2.214870071411132812e+01
3.725878143310546875e+01
1.914305114746093750e+01
3.940251541137695312e+01
2.228395080566406250e+01
3.723124313354492188e+01
1.914752388000488281e+01
3.954101181030273438e+01
2.239429664611816406e+01
3.719590377807617188e+01
1.916530799865722656e+01
3.958844757080078125e+01
2.252721023559570312e+01
3.724073410034179688e+01
1.920921134948730469e+01
3.967531585693359375e+01
2.263837814331054688e+01
3.715322875976562500e+01
1.924810791015625000e+01
3.988575363159179688e+01
2.276755714416503906e+01
3.721281051635742188e+01
1.934710693359375000e+01
4.002609634399414062e+01
2.293521499633789062e+01
3.719165802001953125e+01
1.941263389587402344e+01
4.016679000854492188e+01
2.308934593200683594e+01
3.712027740478515625e+01
1.950982284545898438e+01
4.033074569702148438e+01
2.326892852783203125e+01
3.694192886352539062e+01
1.961410713195800781e+01
4.037376403808593750e+01
2.350850296020507812e+01
3.687613677978515625e+01
1.970335960388183594e+01
4.053104400634765625e+01
2.372078132629394531e+01
3.677126312255859375e+01
1.974547576904296875e+01
4.044292449951171875e+01
2.390319633483886719e+01
3.659201812744140625e+01
1.982376670837402344e+01
4.058974456787109375e+01
2.413488006591796875e+01
3.646543121337890625e+01
1.990812492370605469e+01
4.061687088012695312e+01
2.436663436889648438e+01
3.636013031005859375e+01
1.993908500671386719e+01
4.060356903076171875e+01
2.459054565429687500e+01
3.616491317749023438e+01
2.003296279907226562e+01
4.084952163696289062e+01
2.483554840087890625e+01
3.611933517456054688e+01
2.012612533569335938e+01
4.081480407714843750e+01
2.513088989257812500e+01
3.591219711303710938e+01
2.024182701110839844e+01
4.091427230834960938e+01
2.543164062500000000e+01
3.568809509277343750e+01
2.029342842102050781e+01
4.088737487792968750e+01
2.577107238769531250e+01
3.538235855102539062e+01
2.038169288635253906e+01
4.085737228393554688e+01
2.614849090576171875e+01
3.513347244262695312e+01
2.055039405822753906e+01
4.089765167236328125e+01
2.645718574523925781e+01
3.478332138061523438e+01
2.807606697082519531e+01
2.063375091552734375e+01
2.299032402038574219e+01
3.303918457031250000e+01
4.175428390502929688e+01
2.161586952209472656e+01
2.693760871887207031e+01
2.786076545715332031e+01
2.190041160583496094e+01
2.039392089843750000e+01
2.564309501647949219e+01
2.862253952026367188e+01
2.398819732666015625e+01
2.094935226440429688e+01
2.871645927429199219e+01
2.395410537719726562e+01
2.586063957214355469e+01
2.258803939819335938e+01
3.096391296386718750e+01
2.362498092651367188e+01
3.070983123779296875e+01
2.217013549804687500e+01
3.207997131347656250e+01
2.236316299438476562e+01
3.275756072998046875e+01
2.357993888854980469e+01
3.346707916259765625e+01
2.169968223571777344e+01
3.301952362060546875e+01
2.517509460449218750e+01
3.421143341064453125e+01
2.129479598999023438e+01
3.357955169677734375e+01
2.543305397033691406e+01
3.502393341064453125e+01
2.116983413696289062e+01
3.356383514404296875e+01
2.575305557250976562e+01
3.575985717773437500e+01
2.065405273437500000e+01
3.436028289794921875e+01
2.580301475524902344e+01
3.633832931518554688e+01
2.027969551086425781e+01
3.447962188720703125e+01
2.576090812683105469e+01
3.723970413208007812e+01
2.036232376098632812e+01
3.453265762329101562e+01
2.548536300659179688e+01
3.705790328979492188e+01
2.019725990295410156e+01
3.477431106567382812e+01
2.531879806518554688e+01
3.700726699829101562e+01
2.032651138305664062e+01
3.504989242553710938e+01
2.507856750488281250e+01
3.712216567993164062e+01
2.048996353149414062e+01
3.521664810180664062e+01
2.451314353942871094e+01
3.655649566650390625e+01
2.056051063537597656e+01
3.518789291381835938e+01
2.442020034790039062e+01
3.691033172607421875e+01
2.069031143188476562e+01
3.459412384033203125e+01
2.386166763305664062e+01
3.599032211303710938e+01
2.081077957153320312e+01
3.415121841430664062e+01
2.372211456298828125e+01
3.563621902465820312e+01
2.088379859924316406e+01
3.320980072021484375e+01
2.319311904907226562e+01
3.642869949340820312e+01
2.096845245361328125e+01
3.298110961914062500e+01
2.300746726989746094e+01
3.614408493041992188e+01
2.093798255920410156e+01
3.300357437133789062e+01
2.306314659118652344e+01
3.527499008178710938e+01
2.129990196228027344e+01
3.265888977050781250e+01
2.283911514282226562e+01
3.468710708618164062e+01
2.123842239379882812e+01
3.412426376342773438e+01
2.257091522216796875e+01
3.474198150634765625e+01
2.155573081970214844e+01
3.340869140625000000e+01
2.256199073791503906e+01
3.438837051391601562e+01
2.166678428649902344e+01
3.381240463256835938e+01
2.249663352966308594e+01
3.416184234619140625e+01
2.159665107727050781e+01
3.460399246215820312e+01
2.223450469970703125e+01
3.301801300048828125e+01
2.171632957458496094e+01
3.480674743652343750e+01
2.212888526916503906e+01
3.223931884765625000e+01
2.144500350952148438e+01
3.426361465454101562e+01
2.224785232543945312e+01
3.145962715148925781e+01
2.161963462829589844e+01
3.451266098022460938e+01
2.175762748718261719e+01
3.092113876342773438e+01
2.153597259521484375e+01
3.367609405517578125e+01
2.144538497924804688e+01
3.067631912231445312e+01
2.164984321594238281e+01
3.393798446655273438e+01
2.147734260559082031e+01
3.081874275207519531e+01
2.217649078369140625e+01
3.348818206787109375e+01
2.114786148071289062e+01
2.910910224914550781e+01
2.222000122070312500e+01
3.283032608032226562e+01
2.096146965026855469e+01
2.820221710205078125e+01
2.273027992248535156e+01
3.320460128784179688e+01
2.107203674316406250e+01
2.769359779357910156e+01
2.278118324279785156e+01
3.324776077270507812e+01
2.080880165100097656e+01
2.740832710266113281e+01
2.321308517456054688e+01
3.329199218750000000e+01
2.078464508056640625e+01
2.685582733154296875e+01
2.316321945190429688e+01
3.331805419921875000e+01
2.058910560607910156e+01
2.643209838867187500e+01
2.325834655761718750e+01
3.301035690307617188e+01
2.060477638244628906e+01
2.587219810485839844e+01
2.383793067932128906e+01
3.288849258422851562e+01
2.029329109191894531e+01
2.503605461120605469e+01
2.356384468078613281e+01
2.515633583068847656e+01
2.862336158752441406e+01
2.732663536071777344e+01
5.826718902587890625e+01
5.290189361572265625e+01
4.749063110351562500e+01
6.703748321533203125e+01
2.977326393127441406e+01
3.967495346069335938e+01
3.378837203979492188e+01
2.432791900634765625e+01
3.383951950073242188e+01
3.606744003295898438e+01
3.454009628295898438e+01
2.414523315429687500e+01
2.986172294616699219e+01
3.267743301391601562e+01
2.950992965698242188e+01
2.803877830505371094e+01
4.434021377563476562e+01
2.992477989196777344e+01
3.472310638427734375e+01
2.081467056274414062e+01
3.896808624267578125e+01
3.195381164550781250e+01
4.367321777343750000e+01
2.372769355773925781e+01
3.963286209106445312e+01
3.961784744262695312e+01
5.136616516113281250e+01
2.240341949462890625e+01
3.743602752685546875e+01
3.767756271362304688e+01
4.482453536987304688e+01
2.357425498962402344e+01
4.204468536376953125e+01
4.122650527954101562e+01
4.820630264282226562e+01
2.176552581787109375e+01
5.409979629516601562e+01
4.058410644531250000e+01
4.438426971435546875e+01
2.390093994140625000e+01
4.563849258422851562e+01
4.108446121215820312e+01
4.033020019531250000e+01
2.512713623046875000e+01
4.132791519165039062e+01
3.367965698242187500e+01
3.538756561279296875e+01
2.377368164062500000e+01
3.678236389160156250e+01
2.733030128479003906e+01
3.469612884521484375e+01
2.797558593750000000e+01
3.540960693359375000e+01
2.646689224243164062e+01
3.083216667175292969e+01
3.111580085754394531e+01
1.976794815063476562e+01
1.667218971252441406e+01
3.624337005615234375e+01
2.260194969177246094e+01
3.049025535583496094e+01
1.780520248413085938e+01
2.258350753784179688e+01
3.607380294799804688e+01
3.546588134765625000e+01
2.731773567199707031e+01
3.101710891723632812e+01
2.276566886901855469e+01
3.193941688537597656e+01
3.074303436279296875e+01
2.343774223327636719e+01
1.880928230285644531e+01
3.334249496459960938e+01
2.942351341247558594e+01
1.954990959167480469e+01
1.670838165283203125e+01
2.745424461364746094e+01
2.245830535888671875e+01
2.391014862060546875e+01
3.021121597290039062e+01
1.796541786193847656e+01
1.784174346923828125e+01
1.616761207580566406e+01
2.377614784240722656e+01
2.594118309020996094e+01
1.830793762207031250e+01
1.690910148620605469e+01
2.428195190429687500e+01
2.274703598022460938e+01
1.830418586730957031e+01
1.804648017883300781e+01
2.672565460205078125e+01
2.558940124511718750e+01
2.462370109558105469e+01
1.862308883666992188e+01
1.712323570251464844e+01
1.724201965332031250e+01
2.493953704833984375e+01
2.345909881591796875e+01
1.642334556579589844e+01
1.671778488159179688e+01
2.017271804809570312e+01
2.105682563781738281e+01
2.916063499450683594e+01
2.811241531372070312e+01
1.722980690002441406e+01
1.550328063964843750e+01
2.777063751220703125e+01
4.001147079467773438e+01
3.215520858764648438e+01
1.909102439880371094e+01
2.870280647277832031e+01
5.886877059936523438e+01
3.398436355590820312e+01
1.726783180236816406e+01
1.530508613586425781e+01
1.722559547424316406e+01
3.690894317626953125e+01
6.071332168579101562e+01
3.733169174194335938e+01
2.054531669616699219e+01
3.851953125000000000e+01
6.296552276611328125e+01
3.492597198486328125e+01
4.046186447143554688e+01
1.914844894409179688e+01
3.765858840942382812e+01
8.163683319091796875e+01
2.735765647888183594e+01
3.728892517089843750e+01
2.059685325622558594e+01
7.876288604736328125e+01
2.450192260742187500e+01
3.535435104370117188e+01
1.592862415313720703e+01
5.315502166748046875e+01
5.343947219848632812e+01
7.497883605957031250e+01
2.299110603332519531e+01
2.338872718811035156e+01
1.481031799316406250e+01
7.311547851562500000e+01
1.944993972778320312e+01
3.032120323181152344e+01
1.773928451538085938e+01
6.530763244628906250e+01
7.148233795166015625e+01
2.401975250244140625e+01
3.722416305541992188e+01
1.991174697875976562e+01
6.597895050048828125e+01
7.182478332519531250e+01
2.010725212097167969e+01
3.508544158935546875e+01
1.861033821105957031e+01
6.714756011962890625e+01
1.953106498718261719e+01
3.585929489135742188e+01
1.781954383850097656e+01
6.479241180419921875e+01
1.808792686462402344e+01
2.970747566223144531e+01
1.605340576171875000e+01
6.176530456542968750e+01
1.724788093566894531e+01
3.145419502258300781e+01
1.690018463134765625e+01
6.074896240234375000e+01
2.856097602844238281e+01
3.188269424438476562e+01
1.740491104125976562e+01
5.161001205444335938e+01
5.160648345947265625e+01
2.288480186462402344e+01
3.757240295410156250e+01
7.291829681396484375e+01
1.795884132385253906e+01
1.887652778625488281e+01
1.712773513793945312e+01
3.069764900207519531e+01
8.960304260253906250e+01
2.446542930603027344e+01
4.580898284912109375e+01
2.600964164733886719e+01
7.792389678955078125e+01
1.692567825317382812e+01
1.705319786071777344e+01
5.550495529174804688e+01
2.442195701599121094e+01
7.928503417968750000e+01
1.886986160278320312e+01
4.339044570922851562e+01
2.105681610107421875e+01
8.002517700195312500e+01
1.876955413818359375e+01
2.774963188171386719e+01
1.671348762512207031e+01
1.546565818786621094e+01
1.528438091278076172e+01
7.688926696777343750e+01
1.453903579711914062e+01
3.059022712707519531e+01
1.759527587890625000e+01
7.271463012695312500e+01
1.459406375885009766e+01
2.400882530212402344e+01
2.626969718933105469e+01
2.599351310729980469e+01
1.621412086486816406e+01
7.065792083740234375e+01
1.403711509704589844e+01
1.715592384338378906e+01
3.340980911254882812e+01
1.662327575683593750e+01
2.347012519836425781e+01
6.839421844482421875e+01
1.413808441162109375e+01
3.068824386596679688e+01
2.256692886352539062e+01
1.789854431152343750e+01
3.322365951538085938e+01
1.670170402526855469e+01
2.357084465026855469e+01
6.353477478027343750e+01
1.372701358795166016e+01
1.780863761901855469e+01
1.664762115478515625e+01
5.841325759887695312e+01
1.512715244293212891e+01
1.929225730895996094e+01
3.461131668090820312e+01
1.859554481506347656e+01
1.657761192321777344e+01
2.422201919555664062e+01
5.363805389404296875e+01
1.690803527832031250e+01
3.547316741943359375e+01
2.140928268432617188e+01
1.619806671142578125e+01
2.061494636535644531e+01
4.508242797851562500e+01
2.031002998352050781e+01
2.686497497558593750e+01
1.538105678558349609e+01
1.805519485473632812e+01
2.281421279907226562e+01
2.749817085266113281e+01
2.351082801818847656e+01
3.415419769287109375e+01
4.230523300170898438e+01
2.764801788330078125e+01
2.069645881652832031e+01
3.177052879333496094e+01
5.925702285766601562e+01
1.753261184692382812e+01
2.371487236022949219e+01
1.996049118041992188e+01
5.011531066894531250e+01
2.043445014953613281e+01
6.430410003662109375e+01
5.694623947143554688e+01
1.747026824951171875e+01
1.850543212890625000e+01
3.464100265502929688e+01
2.077843093872070312e+01
3.964699554443359375e+01
5.619639587402343750e+01
1.715327072143554688e+01
1.752070236206054688e+01
3.941032791137695312e+01
5.519016265869140625e+01
1.675991630554199219e+01
1.785220909118652344e+01
3.197671699523925781e+01
5.513815307617187500e+01
1.701480674743652344e+01
1.677759361267089844e+01
1.770567512512207031e+01
1.758861732482910156e+01
2.864731025695800781e+01
5.418270874023437500e+01
1.804664230346679688e+01
1.634488677978515625e+01
1.805131912231445312e+01
1.569646549224853516e+01
2.654050827026367188e+01
5.237549591064453125e+01
2.017051506042480469e+01
1.899280166625976562e+01
2.661202621459960938e+01
5.081056594848632812e+01
1.755630683898925781e+01
1.535148239135742188e+01
1.603012657165527344e+01
2.421020889282226562e+01
4.583420562744140625e+01
1.585934257507324219e+01
1.634836196899414062e+01
1.913400459289550781e+01
1.945852661132812500e+01
3.674271774291992188e+01
4.618019866943359375e+01
1.481119251251220703e+01
2.040149116516113281e+01
1.818524360656738281e+01
1.892148590087890625e+01
1.983249473571777344e+01
2.090823936462402344e+01
1.523948478698730469e+01
4.113101577758789062e+01
1.598756122589111328e+01
1.518645668029785156e+01
3.371916961669921875e+01
1.478180599212646484e+01
1.969813346862792969e+01
5.126082229614257812e+01
2.036695671081542969e+01
2.199199676513671875e+01
1.959294891357421875e+01
2.935563278198242188e+01
5.793747711181640625e+01
2.207721519470214844e+01
2.930810165405273438e+01
1.759972953796386719e+01
1.763742065429687500e+01
1.670444869995117188e+01
4.652904891967773438e+01
7.628894042968750000e+01
2.919991111755371094e+01
2.286090850830078125e+01
2.006884384155273438e+01
6.886625671386718750e+01
1.458294105529785156e+01
2.292145729064941406e+01
2.195719718933105469e+01
3.732445526123046875e+01
1.757604789733886719e+01
1.539322376251220703e+01
1.884102821350097656e+01
5.838398742675781250e+01
1.400350093841552734e+01
4.444921112060546875e+01
1.673372077941894531e+01
1.644791221618652344e+01
1.906692886352539062e+01
5.708169937133789062e+01
1.607347679138183594e+01
4.342580413818359375e+01
1.689724159240722656e+01
4.675382614135742188e+01
2.700888824462890625e+01
5.129334640502929688e+01
1.645649909973144531e+01
4.399549484252929688e+01
3.660968399047851562e+01
5.054558181762695312e+01
1.855526161193847656e+01
1.540134525299072266e+01
2.040117645263671875e+01
4.084342956542968750e+01
4.020641326904296875e+01
5.061809158325195312e+01
2.000265693664550781e+01
3.721118927001953125e+01
4.700230407714843750e+01
5.339488983154296875e+01
2.156793975830078125e+01
3.345684432983398438e+01
4.711521148681640625e+01
5.294915771484375000e+01
2.155856323242187500e+01
3.767998504638671875e+01
5.190080642700195312e+01
5.452475357055664062e+01
2.127935028076171875e+01
3.994173431396484375e+01
4.768316268920898438e+01
4.893168258666992188e+01
2.266268920898437500e+01
3.738766860961914062e+01
3.438913345336914062e+01
4.812702178955078125e+01
2.119809722900390625e+01
3.653477478027343750e+01
2.873794174194335938e+01
4.096175765991210938e+01
2.304671096801757812e+01
3.103592872619628906e+01
1.982974433898925781e+01
3.592916107177734375e+01
2.823094177246093750e+01
2.099376678466796875e+01
2.144040870666503906e+01
3.119865608215332031e+01
2.875089263916015625e+01
1.887771987915039062e+01
3.065981674194335938e+01
2.737000656127929688e+01
3.348445510864257812e+01
3.318472290039062500e+01
4.350013732910156250e+01
2.579695701599121094e+01
3.539946365356445312e+01
4.520777893066406250e+01
5.049192810058593750e+01
2.371863937377929688e+01
3.550961303710937500e+01
5.578516769409179688e+01
5.013389968872070312e+01
2.350217247009277344e+01
4.144906234741210938e+01
5.181364440917968750e+01
4.285056686401367188e+01
2.132250404357910156e+01
3.646560287475585938e+01
4.570603179931640625e+01
3.204105377197265625e+01
2.069479179382324219e+01
4.335122299194335938e+01
3.143614578247070312e+01
2.639236259460449219e+01
2.155421066284179688e+01
4.146713638305664062e+01
2.697159957885742188e+01
1.830370330810546875e+01
2.221217727661132812e+01
3.824213027954101562e+01
2.332162666320800781e+01
2.170604896545410156e+01
2.223025703430175781e+01
2.877005577087402344e+01
2.208989906311035156e+01
3.056136894226074219e+01
2.072580146789550781e+01
2.808972549438476562e+01
3.379783248901367188e+01
3.977664566040039062e+01
2.000314521789550781e+01
2.490104866027832031e+01
3.639366912841796875e+01
4.683363723754882812e+01
1.936760139465332031e+01
1.833451652526855469e+01
3.592777252197265625e+01
4.906658935546875000e+01
1.853868865966796875e+01
1.548036098480224609e+01
3.179286956787109375e+01
5.042006683349609375e+01
1.879648780822753906e+01
1.553994750976562500e+01
2.980668067932128906e+01
4.992301177978515625e+01
2.027009773254394531e+01
1.559536361694335938e+01
2.760230636596679688e+01
4.611812210083007812e+01
2.251286125183105469e+01
1.623184776306152344e+01
2.480872344970703125e+01
4.639078521728515625e+01
