4.948447644710540771e-01
4.748080372810363770e-01
6.229953765869140625e-01
5.269918441772460938e-01
4.540572762489318848e-01
4.412743151187896729e-01
6.235617399215698242e-01
5.058620572090148926e-01
4.244475662708282471e-01
4.315458834171295166e-01
5.765249729156494141e-01
4.716360270977020264e-01
4.100912511348724365e-01
4.263303875923156738e-01
5.327666997909545898e-01
4.434729516506195068e-01
3.986814320087432861e-01
4.254069328308105469e-01
5.015398859977722168e-01
4.211450815200805664e-01
3.894340395927429199e-01
4.270085096359252930e-01
4.834184348583221436e-01
4.019027054309844971e-01
3.812667131423950195e-01
4.272705614566802979e-01
4.658226668834686279e-01
3.867590129375457764e-01
3.737121224403381348e-01
4.269745349884033203e-01
4.516653716564178467e-01
3.752102851867675781e-01
3.674354553222656250e-01
4.263283312320709229e-01
4.405352771282196045e-01
3.664698898792266846e-01
3.616720736026763916e-01
4.240614473819732666e-01
4.303905069828033447e-01
3.590519428253173828e-01
3.568312227725982666e-01
4.198813140392303467e-01
4.208129644393920898e-01
3.529323637485504150e-01
3.521161675453186035e-01
4.164023995399475098e-01
4.127826094627380371e-01
3.476775586605072021e-01
3.479186892509460449e-01
4.122987091541290283e-01
4.074029028415679932e-01
3.426259458065032959e-01
3.435566723346710205e-01
4.077304303646087646e-01
4.018300771713256836e-01
3.381833136081695557e-01
3.395795524120330811e-01
4.033276140689849854e-01
3.971425890922546387e-01
3.339039385318756104e-01
3.357574641704559326e-01
3.989069461822509766e-01
3.926778733730316162e-01
3.302133381366729736e-01
3.323895633220672607e-01
3.945501744747161865e-01
3.894520998001098633e-01
3.270068168640136719e-01
3.291254639625549316e-01
3.896414041519165039e-01
3.851909041404724121e-01
3.239501416683197021e-01
3.259735107421875000e-01
3.851510882377624512e-01
3.809843957424163818e-01
3.211623728275299072e-01
3.231031596660614014e-01
3.801710307598114014e-01
3.777701854705810547e-01
3.186188638210296631e-01
3.203129768371582031e-01
3.761257231235504150e-01
3.764934241771697998e-01
3.160791993141174316e-01
3.176961541175842285e-01
3.704240620136260986e-01
3.755335807800292969e-01
3.136394619941711426e-01
3.151486217975616455e-01
3.648912310600280762e-01
3.749512434005737305e-01
3.115068972110748291e-01
3.129312396049499512e-01
3.594694435596466064e-01
3.725814223289489746e-01
3.092760741710662842e-01
3.110260665416717529e-01
3.536422848701477051e-01
3.703741133213043213e-01
3.074525296688079834e-01
3.093102574348449707e-01
3.486829400062561035e-01
3.677150011062622070e-01
3.058665692806243896e-01
3.076890707015991211e-01
3.432327508926391602e-01
3.653464913368225098e-01
3.045833408832550049e-01
3.063115477561950684e-01
3.381402790546417236e-01
3.650514483451843262e-01
3.033678829669952393e-01
3.049702346324920654e-01
3.327028155326843262e-01
3.623331487178802490e-01
3.025896251201629639e-01
3.036774694919586182e-01
3.277147710323333740e-01
3.592588603496551514e-01
3.015714585781097412e-01
3.025268018245697021e-01
3.227490782737731934e-01
3.574246168136596680e-01
3.007291555404663086e-01
3.014799654483795166e-01
3.164864480495452881e-01
3.547028899192810059e-01
3.002312481403350830e-01
3.008531630039215088e-01
3.112002015113830566e-01
3.510936200618743896e-01
2.999977767467498779e-01
3.001752495765686035e-01
3.059350550174713135e-01
3.487522900104522705e-01
3.000139296054840088e-01
2.998063266277313232e-01
3.011339306831359863e-01
3.447803258895874023e-01
2.999781966209411621e-01
2.991108000278472900e-01
2.969740033149719238e-01
3.394773900508880615e-01
3.001856803894042969e-01
2.987347245216369629e-01
2.929438352584838867e-01
3.353224396705627441e-01
3.008980154991149902e-01
2.981890738010406494e-01
2.895361781120300293e-01
3.319331407546997070e-01
3.012263178825378418e-01
2.976711988449096680e-01
2.865850329399108887e-01
3.281248807907104492e-01
3.022651076316833496e-01
2.980242967605590820e-01
2.843389511108398438e-01
3.241674304008483887e-01
3.027955591678619385e-01
3.530537486076354980e-01
4.262188374996185303e-01
3.021141588687896729e-01
3.355020284652709961e-01
3.277578055858612061e-01
3.092547059059143066e-01
2.762209177017211914e-01
3.099635541439056396e-01
2.871171236038208008e-01
2.786507308483123779e-01
2.846679687500000000e-01
2.941344678401947021e-01
2.715738415718078613e-01
2.706812024116516113e-01
2.961973249912261963e-01
2.871756255626678467e-01
2.658548951148986816e-01
2.662535905838012695e-01
3.009020388126373291e-01
2.824704647064208984e-01
2.622471749782562256e-01
2.627360224723815918e-01
3.052453100681304932e-01
2.797835767269134521e-01
2.592033147811889648e-01
2.605499327182769775e-01
3.052586615085601807e-01
2.767735123634338379e-01
2.572660446166992188e-01
2.582980394363403320e-01
3.069096207618713379e-01
2.749525010585784912e-01
2.556477189064025879e-01
2.570922076702117920e-01
3.105399012565612793e-01
2.735891342163085938e-01
2.544789016246795654e-01
2.559045553207397461e-01
3.110511898994445801e-01
2.724747359752655029e-01
2.529375553131103516e-01
2.557549774646759033e-01
3.117874264717102051e-01
2.716158628463745117e-01
2.516599595546722412e-01
2.566322982311248779e-01
3.132846057415008545e-01
2.701633572578430176e-01
2.505646049976348877e-01
2.556738853454589844e-01
3.143190145492553711e-01
2.686461806297302246e-01
2.496068030595779419e-01
2.550743520259857178e-01
3.142407238483428955e-01
2.674963772296905518e-01
2.488413453102111816e-01
2.550916671752929688e-01
3.158115446567535400e-01
2.675602734088897705e-01
2.480282634496688843e-01
2.548038661479949951e-01
3.148305118083953857e-01
2.667353749275207520e-01
2.472229897975921631e-01
2.554500401020050049e-01
3.118419051170349121e-01
2.663726210594177246e-01
2.460776269435882568e-01
2.551327347755432129e-01
3.096482455730438232e-01
2.663005292415618896e-01
2.450060099363327026e-01
2.557424306869506836e-01
3.096699714660644531e-01
2.664496600627899170e-01
2.439950853586196899e-01
2.565576434135437012e-01
3.068877458572387695e-01
2.653899490833282471e-01
2.432912290096282959e-01
2.571679055690765381e-01
3.048720061779022217e-01
2.650054395198822021e-01
2.427233904600143433e-01
2.580826580524444580e-01
3.029617965221405029e-01
2.649542987346649170e-01
2.418354600667953491e-01
2.589832246303558350e-01
3.020701408386230469e-01
2.647071182727813721e-01
2.408329397439956665e-01
2.598646581172943115e-01
3.002579510211944580e-01
2.647109329700469971e-01
2.397332042455673218e-01
2.598184943199157715e-01
2.984305322170257568e-01
2.644327282905578613e-01
2.388665378093719482e-01
2.601872980594635010e-01
2.956070899963378906e-01
2.641203105449676514e-01
2.380854636430740356e-01
2.596031129360198975e-01
2.947040796279907227e-01
2.640250027179718018e-01
2.375229746103286743e-01
2.606727480888366699e-01
2.931385338306427002e-01
2.636889219284057617e-01
2.373756766319274902e-01
2.624808847904205322e-01
2.919561266899108887e-01
2.633745074272155762e-01
2.370442301034927368e-01
2.625871896743774414e-01
2.902694940567016602e-01
2.629174292087554932e-01
2.367583960294723511e-01
2.643551230430603027e-01
2.887030839920043945e-01
2.626784741878509521e-01
2.360900193452835083e-01
2.650476098060607910e-01
2.874539196491241455e-01
2.621949613094329834e-01
2.355101406574249268e-01
2.658748030662536621e-01
2.854813635349273682e-01
2.621121406555175781e-01
2.348096817731857300e-01
2.654831409454345703e-01
2.831408679485321045e-01
2.620709240436553955e-01
2.343231439590454102e-01
2.668077647686004639e-01
2.813832759857177734e-01
2.612783312797546387e-01
2.339207679033279419e-01
2.676671743392944336e-01
2.798173725605010986e-01
2.603771984577178955e-01
2.331416904926300049e-01
2.684382796287536621e-01
2.776226103305816650e-01
2.603165805339813232e-01
2.328881919384002686e-01
2.695135772228240967e-01
2.753481268882751465e-01
2.600754499435424805e-01
2.327071577310562134e-01
2.712732255458831787e-01
2.734021544456481934e-01
2.592794597148895264e-01
2.323679625988006592e-01
2.723414897918701172e-01
2.727282345294952393e-01
2.590879797935485840e-01
2.413229644298553467e-01
7.939666509628295898e-01
2.337772101163864136e-01
3.427011072635650635e-01
2.335959374904632568e-01
6.630200147628784180e-01
2.419990897178649902e-01
3.164637982845306396e-01
2.361587285995483398e-01
6.153196096420288086e-01
2.477037012577056885e-01
3.041977286338806152e-01
2.385141402482986450e-01
5.850312709808349609e-01
2.513006627559661865e-01
2.933439612388610840e-01
2.404967397451400757e-01
5.634519457817077637e-01
2.547343671321868896e-01
2.835551500320434570e-01
2.411404848098754883e-01
5.456038117408752441e-01
2.576042711734771729e-01
2.742286026477813721e-01
2.420511394739151001e-01
5.266661643981933594e-01
2.584627270698547363e-01
2.690350413322448730e-01
2.415590882301330566e-01
5.097994208335876465e-01
2.594784498214721680e-01
2.650124728679656982e-01
2.412802129983901978e-01
4.980675280094146729e-01
2.599979937076568604e-01
2.607834339141845703e-01
2.405294626951217651e-01
4.886517226696014404e-01
2.580528259277343750e-01
2.561618089675903320e-01
2.394244223833084106e-01
4.788729548454284668e-01
2.570665478706359863e-01
2.520861029624938965e-01
2.382263541221618652e-01
4.704451858997344971e-01
2.553416788578033447e-01
2.491257041692733765e-01
2.366914898157119751e-01
4.620335698127746582e-01
2.530964016914367676e-01
2.470173686742782593e-01
2.349976599216461182e-01
4.563104510307312012e-01
2.511768043041229248e-01
2.449903190135955811e-01
2.335899025201797485e-01
4.526168107986450195e-01
2.486012130975723267e-01
2.419932931661605835e-01
2.314358055591583252e-01
4.474004507064819336e-01
2.455867528915405273e-01
2.407940775156021118e-01
2.293143868446350098e-01
4.428733289241790771e-01
2.439474463462829590e-01
2.395981848239898682e-01
2.277224510908126831e-01
4.373388588428497314e-01
2.413921654224395752e-01
2.373195141553878784e-01
2.257411330938339233e-01
4.320770502090454102e-01
2.391504198312759399e-01
2.363656014204025269e-01
2.240156084299087524e-01
4.301871359348297119e-01
2.368845194578170776e-01
2.349982410669326782e-01
2.222279459238052368e-01
4.283334314823150635e-01
2.344275861978530884e-01
2.339489161968231201e-01
2.202323973178863525e-01
4.264545142650604248e-01
2.330104261636734009e-01
2.330372482538223267e-01
2.187411338090896606e-01
4.241425693035125732e-01
2.306735366582870483e-01
2.322531640529632568e-01
2.170581072568893433e-01
4.220100939273834229e-01
2.293075919151306152e-01
2.316716760396957397e-01
2.156451195478439331e-01
4.194128811359405518e-01
2.279525399208068848e-01
2.310812771320343018e-01
2.146505564451217651e-01
4.183563888072967529e-01
2.263329923152923584e-01
2.303295433521270752e-01
2.135908454656600952e-01
4.154260456562042236e-01
2.250089049339294434e-01
2.294941395521163940e-01
2.125280797481536865e-01
4.141342639923095703e-01
2.235632091760635376e-01
2.286979109048843384e-01
2.116103321313858032e-01
4.129994213581085205e-01
2.224971950054168701e-01
2.276719510555267334e-01
2.103942185640335083e-01
4.096259176731109619e-01
2.214282602071762085e-01
2.273429185152053833e-01
2.096104621887207031e-01
4.077924787998199463e-01
2.203097790479660034e-01
2.266961038112640381e-01
2.085858881473541260e-01
4.063825607299804688e-01
2.189730405807495117e-01
2.266522645950317383e-01
2.075815796852111816e-01
4.033650457859039307e-01
2.182575166225433350e-01
2.258434593677520752e-01
2.068378627300262451e-01
4.023762941360473633e-01
2.178394049406051636e-01
2.252832204103469849e-01
2.062062919139862061e-01
4.005359709262847900e-01
2.168362736701965332e-01
2.250194847583770752e-01
2.053126990795135498e-01
3.993751406669616699e-01
2.161309868097305298e-01
2.245708405971527100e-01
2.045271694660186768e-01
3.988997042179107666e-01
2.153627425432205200e-01
2.238894104957580566e-01
2.037824988365173340e-01
3.979521691799163818e-01
2.143156826496124268e-01
2.234811633825302124e-01
2.030844837427139282e-01
3.966169059276580811e-01
2.132308632135391235e-01
2.231478691101074219e-01
2.024315893650054932e-01
3.963726460933685303e-01
2.124815136194229126e-01
2.226527482271194458e-01
2.009748667478561401e-01
4.700062572956085205e-01
2.211944460868835449e-01
2.536158561706542969e-01
2.217190414667129517e-01
4.214682281017303467e-01
2.068698257207870483e-01
2.521420717239379883e-01
2.182930111885070801e-01
4.074066281318664551e-01
1.989796012639999390e-01
2.498315274715423584e-01
2.150919735431671143e-01
4.080193936824798584e-01
1.939088106155395508e-01
2.477226257324218750e-01
2.125891149044036865e-01
4.058572351932525635e-01
1.900172680616378784e-01
2.448720037937164307e-01
2.097305357456207275e-01
4.073043465614318848e-01
1.871387213468551636e-01
2.440957129001617432e-01
2.062723636627197266e-01
4.136997759342193604e-01
1.847301423549652100e-01
2.444971501827239990e-01
2.030806243419647217e-01
4.192179441452026367e-01
1.830737143754959106e-01
2.440737485885620117e-01
1.999283283948898315e-01
4.236499965190887451e-01
1.817820370197296143e-01
2.434452325105667114e-01
1.960669904947280884e-01
4.244557023048400879e-01
1.806776523590087891e-01
2.440009564161300659e-01
1.926297247409820557e-01
4.304211735725402832e-01
1.795648485422134399e-01
2.438841164112091064e-01
1.895464658737182617e-01
4.340588152408599854e-01
1.788652837276458740e-01
2.438111156225204468e-01
1.864767074584960938e-01
4.379195272922515869e-01
1.781477481126785278e-01
2.444273531436920166e-01
1.833891123533248901e-01
4.447187185287475586e-01
1.776802986860275269e-01
2.449418753385543823e-01
1.814039945602416992e-01
4.490077793598175049e-01
1.774027794599533081e-01
2.454661130905151367e-01
1.796803772449493408e-01
4.533107578754425049e-01
1.771092712879180908e-01
2.452908009290695190e-01
1.775221675634384155e-01
4.553312361240386963e-01
1.767545789480209351e-01
2.449926584959030151e-01
1.756946444511413574e-01
4.569694399833679199e-01
1.767468005418777466e-01
2.459419369697570801e-01
1.738090515136718750e-01
4.600026607513427734e-01
1.765680611133575439e-01
2.457767426967620850e-01
1.723793447017669678e-01
4.613190591335296631e-01
1.765920519828796387e-01
2.471894323825836182e-01
1.711381226778030396e-01
4.643731415271759033e-01
1.766059547662734985e-01
2.469601631164550781e-01
1.701385974884033203e-01
4.654821455478668213e-01
1.766575127840042114e-01
2.467756569385528564e-01
1.689443737268447876e-01
4.655542373657226562e-01
1.767223030328750610e-01
2.471356391906738281e-01
1.677610725164413452e-01
4.662992358207702637e-01
1.767606437206268311e-01
2.465864717960357666e-01
1.668141186237335205e-01
4.683110713958740234e-01
1.768357455730438232e-01
2.470045387744903564e-01
1.660444438457489014e-01
4.695395529270172119e-01
1.771664470434188843e-01
2.469235658645629883e-01
1.654168814420700073e-01
4.709331095218658447e-01
1.775618493556976318e-01
2.464586794376373291e-01
1.648734211921691895e-01
4.722592234611511230e-01
1.780288964509963989e-01
2.453646808862686157e-01
1.643657237291336060e-01
4.722889661788940430e-01
1.787257939577102661e-01
2.450969517230987549e-01
1.638865172863006592e-01
4.737761914730072021e-01
1.793890893459320068e-01
2.444653511047363281e-01
1.635460704565048218e-01
4.722437858581542969e-01
1.799790561199188232e-01
2.434086799621582031e-01
1.631952822208404541e-01
4.734677672386169434e-01
1.808306127786636353e-01
2.426759749650955200e-01
1.629329621791839600e-01
4.734368622303009033e-01
1.816610991954803467e-01
2.419581413269042969e-01
1.626772284507751465e-01
4.731579422950744629e-01
1.825386881828308105e-01
2.406802326440811157e-01
1.624664217233657837e-01
4.756439924240112305e-01
1.836580187082290649e-01
2.405144423246383667e-01
1.623391658067703247e-01
4.749077856540679932e-01
1.850114166736602783e-01
2.390959113836288452e-01
1.623525768518447876e-01
4.757398664951324463e-01
1.864751428365707397e-01
2.376945614814758301e-01
1.622176468372344971e-01
4.750635027885437012e-01
1.883205920457839966e-01
2.357918024063110352e-01
1.621657758951187134e-01
4.743520021438598633e-01
1.903726905584335327e-01
2.343282550573348999e-01
1.623924076557159424e-01
4.748542308807373047e-01
1.920444816350936890e-01
2.321369796991348267e-01
2.480805814266204834e-01
1.847568899393081665e-01
2.061403989791870117e-01
2.434890568256378174e-01
3.587062060832977295e-01
2.043423652648925781e-01
2.505682110786437988e-01
2.019082307815551758e-01
1.757628470659255981e-01
1.848680227994918823e-01
2.321134209632873535e-01
2.080737799406051636e-01
1.897667497396469116e-01
1.886939555406570435e-01
2.700653672218322754e-01
1.756749451160430908e-01
2.051636427640914917e-01
2.090939581394195557e-01
2.934941053390502930e-01
1.730880439281463623e-01
2.468940466642379761e-01
2.039568871259689331e-01
3.060432076454162598e-01
1.680714040994644165e-01
2.649517059326171875e-01
2.253452688455581665e-01
3.162269592285156250e-01
1.668166369199752808e-01
2.692384421825408936e-01
2.469012141227722168e-01
3.223245739936828613e-01
1.659332960844039917e-01
2.748850286006927490e-01
2.521052360534667969e-01
3.292771279811859131e-01
1.665150821208953857e-01
2.762815356254577637e-01
2.568823099136352539e-01
3.359327316284179688e-01
1.678551733493804932e-01
2.827119529247283936e-01
2.576069831848144531e-01
3.416275382041931152e-01
1.690060496330261230e-01
2.844677567481994629e-01
2.581737935543060303e-01
3.495374619960784912e-01
1.709106117486953735e-01
2.856273055076599121e-01
2.560313940048217773e-01
3.464457392692565918e-01
1.763869374990463257e-01
2.881516218185424805e-01
2.539481520652770996e-01
3.450642526149749756e-01
1.833705604076385498e-01
2.901239693164825439e-01
2.519218027591705322e-01
3.465411365032196045e-01
1.890945583581924438e-01
2.916595935821533203e-01
2.458177953958511353e-01
3.405010402202606201e-01
1.918938457965850830e-01
2.903549969196319580e-01
2.451237589120864868e-01
3.441105484962463379e-01
1.963179856538772583e-01
2.861018180847167969e-01
2.391328662633895874e-01
3.361394405364990234e-01
2.006464153528213501e-01
2.827382981777191162e-01
2.374578565359115601e-01
3.335154950618743896e-01
2.036428749561309814e-01
2.754665017127990723e-01
2.319119572639465332e-01
3.410958647727966309e-01
2.056357413530349731e-01
2.734083831310272217e-01
2.299540042877197266e-01
3.386487960815429688e-01
2.029786705970764160e-01
2.733735144138336182e-01
2.303744405508041382e-01
3.303667008876800537e-01
2.117195129394531250e-01
2.697379291057586670e-01
2.280475348234176636e-01
3.255760967731475830e-01
2.105422168970108032e-01
2.802583277225494385e-01
2.252159416675567627e-01
3.259279131889343262e-01
2.195475399494171143e-01
2.747430801391601562e-01
2.245300859212875366e-01
3.233434259891510010e-01
2.217890173196792603e-01
2.782641053199768066e-01
2.234009057283401489e-01
3.219390213489532471e-01
2.214585095643997192e-01
2.840890288352966309e-01
2.199652045965194702e-01
3.122059404850006104e-01
2.241043150424957275e-01
2.855476140975952148e-01
2.191956490278244019e-01
3.046866357326507568e-01
2.192699164152145386e-01
2.807403206825256348e-01
2.213455438613891602e-01
2.982147336006164551e-01
2.237957566976547241e-01
2.828456163406372070e-01
2.158809155225753784e-01
2.933805584907531738e-01
2.217364758253097534e-01
2.759838700294494629e-01
2.118044048547744751e-01
2.907671034336090088e-01
2.242470532655715942e-01
2.776795029640197754e-01
2.120064795017242432e-01
2.932870984077453613e-01
2.340734899044036865e-01
2.733249962329864502e-01
2.074642181396484375e-01
2.763581573963165283e-01
2.354827076196670532e-01
2.678169012069702148e-01
2.045426964759826660e-01
2.673696875572204590e-01
2.447916865348815918e-01
2.703113853931427002e-01
2.058802694082260132e-01
2.637381851673126221e-01
2.440660148859024048e-01
2.703705728054046631e-01
2.017646729946136475e-01
2.616116404533386230e-01
2.521561980247497559e-01
2.701977789402008057e-01
2.018236517906188965e-01
2.553620934486389160e-01
2.491927593946456909e-01
2.707162797451019287e-01
1.992842704057693481e-01
2.507241666316986084e-01
2.483228594064712524e-01
2.683643400669097900e-01
1.989959031343460083e-01
2.445885092020034790e-01
2.625270783901214600e-01
2.672832906246185303e-01
1.948235183954238892e-01
2.353264838457107544e-01
2.567464411258697510e-01
1.801981925964355469e-01
2.565306723117828369e-01
2.634832561016082764e-01
4.135089814662933350e-01
4.280982613563537598e-01
4.282108247280120850e-01
8.486571311950683594e-01
2.142443060874938965e-01
3.173013925552368164e-01
3.271906375885009766e-01
2.334102988243103027e-01
2.271534651517868042e-01
2.692818045616149902e-01
2.992247045040130615e-01
2.103371620178222656e-01
2.046708166599273682e-01
2.466818392276763916e-01
2.518270909786224365e-01
2.548509538173675537e-01
3.218011856079101562e-01
2.417616099119186401e-01
2.973839342594146729e-01
1.777417361736297607e-01
2.762243747711181641e-01
2.366287857294082642e-01
3.985067307949066162e-01
2.181954979896545410e-01
2.883068323135375977e-01
2.953929007053375244e-01
4.842867255210876465e-01
1.922893822193145752e-01
2.590422928333282471e-01
2.890629768371582031e-01
4.163666367530822754e-01
2.030665725469589233e-01
2.996739447116851807e-01
3.177136778831481934e-01
4.613987505435943604e-01
1.797203272581100464e-01
4.187560677528381348e-01
3.089720010757446289e-01
4.538498818874359131e-01
1.973207592964172363e-01
3.503926396369934082e-01
3.115041255950927734e-01
4.122582972049713135e-01
2.135768830776214600e-01
3.401580154895782471e-01
2.599818408489227295e-01
3.724213540554046631e-01
2.054241001605987549e-01
3.036584854125976562e-01
2.069239020347595215e-01
3.517723083496093750e-01
2.520486712455749512e-01
2.718635797500610352e-01
1.899564415216445923e-01
3.453700840473175049e-01
2.819938063621520996e-01
1.544571518898010254e-01
1.349979490041732788e-01
3.603223562240600586e-01
1.907977759838104248e-01
3.307590186595916748e-01
1.478194147348403931e-01
2.254649847745895386e-01
3.270173072814941406e-01
4.236353039741516113e-01
1.998478919267654419e-01
3.208861052989959717e-01
2.066084444522857666e-01
3.795435428619384766e-01
2.312867641448974609e-01
2.500678002834320068e-01
1.754663139581680298e-01
4.071378111839294434e-01
2.239916324615478516e-01
1.921505630016326904e-01
1.464812010526657104e-01
2.403647005558013916e-01
2.449585199356079102e-01
2.589375376701354980e-01
2.317123413085937500e-01
1.648189425468444824e-01
1.344872266054153442e-01
1.407568305730819702e-01
2.463130950927734375e-01
2.040501385927200317e-01
1.589506417512893677e-01
1.492940038442611694e-01
1.934110671281814575e-01
1.808753460645675659e-01
1.560864895582199097e-01
1.646628975868225098e-01
2.222679704427719116e-01
2.144944369792938232e-01
1.931662559509277344e-01
1.668206900358200073e-01
1.304751485586166382e-01
1.562619656324386597e-01
2.395568341016769409e-01
1.821317374706268311e-01
1.351676434278488159e-01
1.300873160362243652e-01
2.210130542516708374e-01
1.821885704994201660e-01
1.794137954711914062e-01
2.229594439268112183e-01
1.340406984090805054e-01
1.257888525724411011e-01
2.748558819293975830e-01
2.789492011070251465e-01
2.533657848834991455e-01
1.723939031362533569e-01
2.757791876792907715e-01
4.419335126876831055e-01
2.680200636386871338e-01
1.404293477535247803e-01
1.351933628320693970e-01
1.868677288293838501e-01
3.455671370029449463e-01
4.464719891548156738e-01
2.867399454116821289e-01
2.174473106861114502e-01
3.675804734230041504e-01
4.605759680271148682e-01
2.652486562728881836e-01
4.371567666530609131e-01
1.532449573278427124e-01
2.946713566780090332e-01
6.292005181312561035e-01
1.954308450222015381e-01
4.448775351047515869e-01
1.767521053552627563e-01
6.204975843429565430e-01
1.579476594924926758e-01
4.331624507904052734e-01
1.377855539321899414e-01
4.452117681503295898e-01
4.098878800868988037e-01
5.904768109321594238e-01
1.490643918514251709e-01
2.678944170475006104e-01
1.305805146694183350e-01
5.800589919090270996e-01
1.346103101968765259e-01
3.448285460472106934e-01
1.600033789873123169e-01
5.446006059646606445e-01
5.724197626113891602e-01
1.668073385953903198e-01
4.045634865760803223e-01
1.818431317806243896e-01
5.499412417411804199e-01
5.766798853874206543e-01
1.406930088996887207e-01
3.678407669067382812e-01
1.700136363506317139e-01
5.375267863273620605e-01
1.376539319753646851e-01
3.913666903972625732e-01
1.622429490089416504e-01
5.172753334045410156e-01
1.287523657083511353e-01
3.136392533779144287e-01
1.405849605798721313e-01
4.909427464008331299e-01
1.242107227444648743e-01
3.320422172546386719e-01
1.528678536415100098e-01
4.843353927135467529e-01
2.031936645507812500e-01
3.311621844768524170e-01
1.599630713462829590e-01
4.116512238979339600e-01
3.807007372379302979e-01
2.440286278724670410e-01
3.430057466030120850e-01
5.790333747863769531e-01
1.252807676792144775e-01
1.881081610918045044e-01
1.271674931049346924e-01
2.727586627006530762e-01
7.215586304664611816e-01
1.657226979732513428e-01
4.351438581943511963e-01
2.300320416688919067e-01
6.362153291702270508e-01
1.212899684906005859e-01
1.780957281589508057e-01
5.360811352729797363e-01
2.072380185127258301e-01
6.470162272453308105e-01
1.288171857595443726e-01
4.025234282016754150e-01
1.684449464082717896e-01
6.506992578506469727e-01
1.284395754337310791e-01
2.640393078327178955e-01
1.378279328346252441e-01
1.347260475158691406e-01
1.263643354177474976e-01
6.307820081710815430e-01
1.348961144685745239e-01
3.044597506523132324e-01
1.499947756528854370e-01
5.995848774909973145e-01
1.395509988069534302e-01
1.726863235235214233e-01
1.793751865625381470e-01
2.703734040260314941e-01
1.347051113843917847e-01
5.862466096878051758e-01
1.304917931556701660e-01
1.718522012233734131e-01
2.576060593128204346e-01
1.417262703180313110e-01
2.063821405172348022e-01
5.722426176071166992e-01
1.327676326036453247e-01
2.317072451114654541e-01
1.566539704799652100e-01
1.862630546092987061e-01
2.559662163257598877e-01
1.442770510911941528e-01
2.070247381925582886e-01
5.334179997444152832e-01
1.190652102231979370e-01
1.871416717767715454e-01
1.440699100494384766e-01
4.912900924682617188e-01
1.147943362593650818e-01
2.097953557968139648e-01
2.669735252857208252e-01
1.333091259002685547e-01
1.447015851736068726e-01
2.122081071138381958e-01
4.504382908344268799e-01
1.285792589187622070e-01
2.825513184070587158e-01
2.396943122148513794e-01
1.396087408065795898e-01
1.767537742853164673e-01
3.778834939002990723e-01
1.589049994945526123e-01
3.094718456268310547e-01
1.268930286169052124e-01
1.514370888471603394e-01
1.587337851524353027e-01
2.182335704565048218e-01
1.849874258041381836e-01
3.997450172901153564e-01
3.264787495136260986e-01
2.328383773565292358e-01
1.606228500604629517e-01
3.975886702537536621e-01
4.839540421962738037e-01
1.542014777660369873e-01
1.805756241083145142e-01
1.361601799726486206e-01
4.113722741603851318e-01
1.611824333667755127e-01
8.332098722457885742e-01
4.696550369262695312e-01
1.622335165739059448e-01
1.345366239547729492e-01
2.795133590698242188e-01
1.695639640092849731e-01
4.638068377971649170e-01
4.682975411415100098e-01
1.614229530096054077e-01
1.280564367771148682e-01
5.014581084251403809e-01
4.619670212268829346e-01
1.582368016242980957e-01
1.307368874549865723e-01
4.037162661552429199e-01
4.636331796646118164e-01
1.642866432666778564e-01
1.308413892984390259e-01
1.308658868074417114e-01
1.343869864940643311e-01
3.612661957740783691e-01
4.559945166110992432e-01
1.790044456720352173e-01
1.281031668186187744e-01
1.343894898891448975e-01
1.204402893781661987e-01
3.289384543895721436e-01
4.401873350143432617e-01
2.024337500333786011e-01
1.420647650957107544e-01
3.325863182544708252e-01
4.237104952335357666e-01
1.703497469425201416e-01
1.255027800798416138e-01
1.232945397496223450e-01
2.908638119697570801e-01
3.831702172756195068e-01
1.498870551586151123e-01
1.326223760843276978e-01
1.811343282461166382e-01
1.454980373382568359e-01
5.286547541618347168e-01
3.884074985980987549e-01
1.356784552335739136e-01
2.193517535924911499e-01
1.468775272369384766e-01
1.424892991781234741e-01
2.257805764675140381e-01
1.573202162981033325e-01
1.253490447998046875e-01
3.493495583534240723e-01
1.433878093957901001e-01
1.192102059721946716e-01
3.728981614112854004e-01
1.309847980737686157e-01
1.954831033945083618e-01
4.372342824935913086e-01
2.009519338607788086e-01
1.672122925519943237e-01
2.061607688665390015e-01
2.124669998884201050e-01
4.886393547058105469e-01
2.104861140251159668e-01
2.284391820430755615e-01
1.851703524589538574e-01
1.259496659040451050e-01
1.537648141384124756e-01
3.809071183204650879e-01
7.690992951393127441e-01
2.877020537853240967e-01
1.869945228099822998e-01
1.375082880258560181e-01
5.895203948020935059e-01
1.262781023979187012e-01
1.653119623661041260e-01
2.387938201427459717e-01
3.008742630481719971e-01
1.696755141019821167e-01
1.326262056827545166e-01
1.520320773124694824e-01
5.144995450973510742e-01
1.097326129674911499e-01
3.637694716453552246e-01
1.637465357780456543e-01
1.213626712560653687e-01
1.424650549888610840e-01
4.577910006046295166e-01
1.499611288309097290e-01
3.566714823246002197e-01
1.238027438521385193e-01
4.094921648502349854e-01
2.730592787265777588e-01
4.172926843166351318e-01
1.260189116001129150e-01
3.807710111141204834e-01
3.714829981327056885e-01
4.167352914810180664e-01
1.361194849014282227e-01
1.163913384079933167e-01
1.522382050752639771e-01
3.525602817535400391e-01
4.129769504070281982e-01
4.184540808200836182e-01
1.403669714927673340e-01
3.196104168891906738e-01
4.959769845008850098e-01
4.442663192749023438e-01
1.457846760749816895e-01
2.855041027069091797e-01
4.997891783714294434e-01
4.457340538501739502e-01
1.463856697082519531e-01
3.277057111263275146e-01
5.492870211601257324e-01
4.519645571708679199e-01
1.419161558151245117e-01
3.501836955547332764e-01
5.216267108917236328e-01
4.154020845890045166e-01
1.465939581394195557e-01
3.317171335220336914e-01
3.855114579200744629e-01
4.138746261596679688e-01
1.429328620433807373e-01
3.274272382259368896e-01
3.282958865165710449e-01
3.495836853981018066e-01
1.503631770610809326e-01
2.750270068645477295e-01
2.145105749368667603e-01
2.962760925292968750e-01
1.809521019458770752e-01
1.750968992710113525e-01
1.421754956245422363e-01
2.506758868694305420e-01
1.955077797174453735e-01
1.543873846530914307e-01
2.184570878744125366e-01
2.135352343320846558e-01
2.437774091958999634e-01
2.742293477058410645e-01
3.279826045036315918e-01
2.061071246862411499e-01
2.542115747928619385e-01
3.747106492519378662e-01
3.901707530021667480e-01
1.886025220155715942e-01
2.590744197368621826e-01
4.713895320892333984e-01
3.916162848472595215e-01
1.876111924648284912e-01
3.203877508640289307e-01
4.509328901767730713e-01
3.381637334823608398e-01
1.711907833814620972e-01
2.968041002750396729e-01
3.972497880458831787e-01
2.482581585645675659e-01
1.687588989734649658e-01
3.420057296752929688e-01
2.765588760375976562e-01
2.029038220643997192e-01
1.765832602977752686e-01
3.246277868747711182e-01
2.451631575822830200e-01
1.352781504392623901e-01
1.853621453046798706e-01
3.013755977153778076e-01
2.103392034769058228e-01
1.600011289119720459e-01
1.863744407892227173e-01
2.303181439638137817e-01
2.188525199890136719e-01
2.280471920967102051e-01
1.713322252035140991e-01
2.161272764205932617e-01
3.415830731391906738e-01
3.005014657974243164e-01
1.631528735160827637e-01
1.926716715097427368e-01
3.563606739044189453e-01
3.608969748020172119e-01
1.577715575695037842e-01
1.330828070640563965e-01
3.513269722461700439e-01
3.785970807075500488e-01
1.526437550783157349e-01
1.197248995304107666e-01
3.088165521621704102e-01
3.903479874134063721e-01
1.534643620252609253e-01
1.186445355415344238e-01
2.901148200035095215e-01
3.912567198276519775e-01
1.630911082029342651e-01
1.200224980711936951e-01
2.641176581382751465e-01
3.619773387908935547e-01
1.769757121801376343e-01
1.207926794886589050e-01
2.386701256036758423e-01
3.701638281345367432e-01
